version 3
run General-7-20240513-00:16:56-20028
attr configname General
attr datetime 20240513-00:16:56
attr datetimef 20240513-001656
attr experiment General
attr inifile omnetpp.ini
attr iterationvars ""
attr iterationvarsd ""
attr iterationvarsf ""
attr measurement ""
attr network AirportControl
attr processid 20028
attr repetition 7
attr replication #7
attr resultdir results
attr runnumber 7
attr seedset 7
config network AirportControl
config repeat 10
config simtime-resolution s
config sim-time-limit 1440min
config **.PrioT_PCT.jobType 0
config **.PrioT_PCF.jobType 1
config **.PrioF_PCT.jobType 2
config **.PrioF_PCF.jobType 3
config **.PrioT_PCT.probArrival 0.04
config **.PrioT_PCF.probArrival 0.01
config **.PrioF_PCT.probArrival 0.01
config **.PrioF_PCF.probArrival 0.94
config **.PrioT_PCT.interarrivalRateRush 0.4min
config **.PrioT_PCF.interarrivalRateRush 0.4min
config **.PrioF_PCT.interarrivalRateRush 0.4min
config **.PrioF_PCF.interarrivalRateRush 0.4min
config **.PrioF_PCF.interarrivalRateNormal 1min
config **.PrioT_PCT.interarrivalRateNormal 1min
config **.PrioF_PCT.interarrivalRateNormal 1min
config **.PrioT_PCF.interarrivalRateNormal 1min
config **.PrioF_PCF.numberOfPeaks 4
config **.PrioF_PCT.numberOfPeaks 4
config **.PrioT_PCF.numberOfPeaks 4
config **.PrioT_PCT.numberOfPeaks 4
config **.PrioF_PCF.durationOfPeaks 150min
config **.PrioF_PCT.durationOfPeaks 150min
config **.PrioT_PCF.durationOfPeaks 150min
config **.PrioT_PCT.durationOfPeaks 150min
config **.PrioT_Server.serviceTime exponential(3min)
config **.PrioF_Server3.serviceTime exponential(5min)
config **.PrioF_Server2.serviceTime exponential(5min)
config **.PrioF_Server1.serviceTime exponential(5min)
config **.PrioF_Server0.serviceTime exponential(5min)
config **.NoPC_Server0.serviceTime exponential(3min)
config **.NoPC_Server3.serviceTime exponential(3min)
config **.NoPC_Server2.serviceTime exponential(3min)
config **.NoPC_Server1.serviceTime exponential(3min)
config **.PC_Server0.serviceTime exponential(1min)
config **.PC_Server1.serviceTime exponential(1min)

vector 0 AirportControl.PrioF_PQ queueLength:vector ETV
attr interpolationmode sample-hold
attr recordingmode vector
attr title "queue length"
vector 1 AirportControl.PrioT_PQ queueLength:vector ETV
attr interpolationmode sample-hold
attr recordingmode vector
attr title "queue length"
vector 2 AirportControl.NoPC_PQ queueLength:vector ETV
attr interpolationmode sample-hold
attr recordingmode vector
attr title "queue length"
vector 3 AirportControl.PC_PQ queueLength:vector ETV
attr interpolationmode sample-hold
attr recordingmode vector
attr title "queue length"
vector 4 AirportControl.sink lifeTime:vector ETV
attr interpolationmode none
attr recordingmode vector
attr title "lifetime of arrived jobs"
attr unit s
0	0	0	0
0	41	256	1
0	42	302	0
0	48	320	1
0	52	384	2
0	54	448	3
0	55	454	2
0	63	512	3
0	64	534	2
0	69	556	1
0	77	576	2
0	81	640	3
0	82	650	2
0	87	663	1
0	93	704	2
0	95	768	3
0	99	832	4
0	100	858	3
0	106	896	4
0	110	960	5
0	111	1004	4
0	117	1024	5
0	121	1088	6
0	124	1148	5
0	130	1152	6
0	131	1168	5
0	136	1212	4
0	142	1216	5
0	143	1270	4
0	148	1273	3
0	153	1280	4
0	154	1342	3
0	159	1344	4
0	160	1346	3
0	178	1408	4
0	181	1454	3
0	187	1472	4
0	194	1536	5
0	196	1600	6
0	200	1664	7
0	202	1728	8
0	203	1729	7
0	211	1792	8
0	213	1856	9
0	215	1920	10
0	216	1933	9
0	222	1984	10
0	223	1990	9
0	233	2048	10
0	237	2112	11
0	238	2138	10
0	243	2149	9
0	249	2176	10
0	250	2181	9
0	260	2240	10
0	265	2301	9
0	271	2304	10
0	275	2368	11
0	276	2371	10
0	286	2432	11
0	287	2459	10
0	293	2496	11
0	294	2528	10
0	299	2560	9
0	303	2560	10
0	308	2597	9
0	314	2624	10
0	315	2633	9
0	323	2688	10
0	328	2700	9
0	333	2730	8
0	339	2752	9
0	340	2770	8
0	345	2792	7
0	355	2816	8
0	359	2880	9
0	360	2883	8
0	368	2944	9
0	369	2980	8
0	378	3008	9
0	379	3047	8
0	385	3072	9
0	397	3136	10
0	398	3158	9
0	403	3161	8
0	408	3169	7
0	413	3200	8
0	417	3246	7
0	425	3264	8
0	426	3297	7
0	434	3328	8
0	437	3345	7
0	443	3392	8
0	444	3405	7
0	448	3406	6
0	456	3456	7
0	457	3513	6
0	465	3520	7
0	466	3550	6
0	474	3584	7
0	481	3648	8
0	483	3712	9
0	484	3723	8
0	492	3776	9
0	497	3810	8
0	503	3840	9
0	504	3843	8
0	508	3843	7
0	514	3872	6
0	522	3904	7
0	523	3945	6
0	531	3968	7
0	532	3971	6
0	536	4008	5
0	541	4032	6
0	549	4096	7
0	553	4160	8
0	556	4168	7
0	564	4224	8
0	565	4243	7
0	570	4259	6
0	578	4288	7
0	579	4328	6
0	585	4352	7
0	586	4370	6
0	590	4408	5
0	595	4416	6
0	599	4450	5
0	607	4480	6
0	608	4497	5
0	615	4513	4
0	620	4544	5
0	624	4597	4
0	629	4608	5
0	631	4672	6
0	632	4675	5
0	643	4736	6
0	648	4800	7
0	649	4836	6
0	660	4864	7
0	664	4922	6
0	669	4928	7
0	670	4947	6
0	674	4952	5
0	679	4992	6
0	686	5017	5
0	697	5056	6
0	698	5061	5
0	709	5120	6
0	715	5184	7
0	718	5228	6
0	726	5248	7
0	727	5270	6
0	733	5312	7
0	734	5324	6
0	739	5335	5
0	744	5353	4
0	749	5376	5
0	753	5433	4
0	758	5440	5
0	762	5485	4
0	767	5504	5
0	771	5513	4
0	779	5568	5
0	783	5632	6
0	785	5696	7
0	786	5698	6
0	791	5707	5
0	799	5760	6
0	802	5800	5
0	814	5824	6
0	816	5888	7
0	817	5910	6
0	823	5952	7
0	830	6000	8
0	834	6016	9
0	836	6080	10
0	837	6137	9
0	844	6144	10
0	846	6150	9
0	854	6208	10
0	855	6218	9
0	861	6272	10
0	864	6290	9
0	870	6336	10
0	871	6362	9
0	876	6364	8
0	881	6370	7
0	885	6394	6
0	890	6400	7
0	894	6420	6
0	898	6442	5
0	906	6464	6
0	911	6517	5
0	919	6528	6
0	924	6592	7
0	935	6650	6
0	940	6656	7
0	947	6720	8
0	950	6743	7
0	955	6749	6
0	963	6784	7
0	965	6848	8
0	969	6912	9
0	970	6923	8
0	975	6925	7
0	982	6927	6
0	990	6976	7
0	994	7040	8
0	999	7091	7
0	1005	7104	8
0	1006	7134	7
0	1011	7151	6
0	1019	7168	7
0	1023	7232	8
0	1024	7265	7
0	1029	7278	6
0	1035	7296	7
0	1036	7352	6
0	1044	7360	7
0	1045	7385	6
0	1053	7424	7
0	1054	7426	6
0	1064	7488	7
0	1068	7505	6
0	1075	7546	5
0	1081	7552	6
0	1089	7616	7
0	1091	7680	8
0	1092	7683	7
0	1106	7744	8
0	1107	7807	7
0	1113	7808	8
0	1118	7863	7
0	1124	7872	8
0	1125	7919	7
0	1131	7936	8
0	1133	8000	9
0	1134	8026	8
0	1139	8036	7
0	1147	8064	8
0	1153	8128	9
0	1157	8192	10
0	1158	8205	9
0	1164	8256	10
0	1165	8264	9
0	1170	8320	8
0	1174	8320	9
0	1184	8384	10
0	1185	8416	9
0	1191	8448	10
0	1192	8472	9
0	1197	8502	8
0	1203	8512	9
0	1207	8576	10
0	1209	8640	11
0	1212	8683	10
0	1218	8704	11
0	1219	8749	10
0	1225	8768	11
0	1227	8832	12
0	1231	8896	13
0	1232	8924	12
0	1238	8960	13
0	1243	9024	14
0	1245	9088	15
0	1246	9100	14
0	1254	9152	15
0	1258	9216	16
0	1260	9222	15
0	1266	9276	14
0	1272	9280	15
0	1273	9305	14
0	1283	9344	15
0	1286	9364	14
0	1290	9372	13
0	1295	9408	14
0	1296	9418	13
0	1303	9425	12
0	1307	9429	11
0	1315	9472	12
0	1319	9524	11
0	1327	9536	12
0	1328	9538	11
0	1332	9540	10
0	1339	9576	9
0	1344	9600	10
0	1355	9664	11
0	1360	9728	12
0	1361	9738	11
0	1365	9745	10
0	1373	9792	11
0	1379	9845	10
0	1385	9856	11
0	1393	9920	12
0	1394	9964	11
0	1400	9984	12
0	1402	10048	13
0	1404	10112	14
0	1407	10131	13
0	1412	10172	12
0	1417	10173	11
0	1422	10174	10
0	1432	10176	11
0	1435	10203	10
0	1443	10240	11
0	1444	10293	10
0	1450	10304	11
0	1452	10368	12
0	1453	10376	11
0	1458	10379	10
0	1466	10432	11
0	1469	10441	10
0	1479	10496	11
0	1484	10560	12
0	1492	10624	13
0	1494	10688	14
0	1496	10752	15
0	1498	10816	16
0	1502	10880	17
0	1503	10912	16
0	1509	10944	17
0	1513	11008	18
0	1514	11021	17
0	1520	11072	18
0	1524	11136	19
0	1528	11200	20
0	1529	11225	19
0	1537	11264	20
0	1539	11328	21
0	1540	11355	20
0	1546	11392	21
0	1548	11456	22
0	1549	11507	21
0	1554	11514	20
0	1560	11520	21
0	1562	11584	22
0	1565	11609	21
0	1570	11624	20
0	1576	11648	21
0	1577	11663	20
0	1581	11673	19
0	1585	11706	18
0	1590	11712	19
0	1591	11715	18
0	1602	11776	19
0	1603	11787	18
0	1610	11809	17
0	1618	11840	18
0	1626	11904	19
0	1629	11943	18
0	1637	11968	19
0	1638	11973	18
0	1647	12000	19
0	1650	12003	18
0	1657	12028	17
0	1662	12032	18
0	1673	12096	19
0	1680	12160	20
0	1683	12194	19
0	1689	12224	20
0	1692	12242	19
0	1700	12288	20
0	1701	12318	19
0	1713	12352	20
0	1714	12388	19
0	1722	12416	20
0	1723	12450	19
0	1728	12457	18
0	1733	12468	17
0	1739	12480	18
0	1742	12502	17
0	1752	12544	18
0	1756	12608	19
0	1757	12640	18
0	1763	12672	19
0	1764	12683	18
0	1769	12719	17
0	1777	12736	18
0	1781	12800	19
0	1782	12816	18
0	1787	12863	17
0	1792	12864	18
0	1794	12928	19
0	1800	12985	18
0	1808	12992	19
0	1809	13025	18
0	1815	13056	19
0	1821	13120	20
0	1824	13130	19
0	1830	13184	20
0	1831	13203	19
0	1839	13248	20
0	1843	13312	21
0	1844	13340	20
0	1851	13359	19
0	1857	13376	20
0	1858	13402	19
0	1868	13440	20
0	1875	13504	21
0	1877	13568	22
0	1878	13621	21
0	1883	13631	20
0	1889	13632	21
0	1897	13696	22
0	1899	13760	23
0	1900	13769	22
0	1907	13810	21
0	1915	13824	22
0	1921	13888	23
0	1923	13952	24
0	1925	14016	25
0	1926	14027	24
0	1933	14075	23
0	1939	14080	24
0	1942	14131	23
0	1947	14142	22
0	1953	14144	23
0	1959	14208	24
0	1961	14272	25
0	1962	14279	24
0	1967	14308	23
0	1972	14320	22
0	1978	14336	23
0	1984	14400	24
0	1988	14464	25
0	1990	14528	26
0	1991	14549	25
0	1997	14592	26
0	1999	14656	27
0	2001	14720	28
0	2005	14784	29
0	2007	14848	30
0	2009	14912	31
0	2011	14976	32
0	2016	15040	33
0	2017	15061	32
0	2022	15064	31
0	2030	15104	32
0	2031	15125	31
0	2036	15154	30
0	2041	15164	29
0	2047	15168	30
0	2052	15183	29
0	2061	15206	28
0	2066	15212	27
0	2071	15232	28
0	2078	15296	29
0	2086	15360	30
0	2087	15398	29
0	2095	15424	30
0	2097	15488	31
0	2101	15552	32
0	2102	15575	31
0	2107	15608	30
0	2113	15616	31
0	2114	15624	30
0	2121	15663	29
0	2127	15680	30
0	2129	15744	31
0	2131	15808	32
0	2137	15872	33
0	2138	15884	32
0	2144	15936	33
0	2145	15954	32
0	2150	15961	31
0	2155	15967	30
0	2160	16000	31
0	2162	16008	30
0	2169	16064	31
0	2178	16128	32
0	2179	16133	31
0	2187	16192	32
0	2192	16235	31
0	2200	16256	32
0	2201	16269	31
0	2207	16320	32
0	2209	16384	33
0	2210	16416	32
0	2218	16448	33
0	2219	16451	32
0	2224	16494	31
0	2232	16506	30
0	2238	16512	31
0	2241	16545	30
0	2248	16566	29
0	2253	16574	28
0	2258	16576	29
0	2260	16640	30
0	2261	16658	29
0	2265	16673	28
0	2273	16704	29
0	2277	16768	28
0	2281	16768	29
0	2283	16770	28
0	2291	16832	29
0	2292	16838	28
0	2296	16867	27
0	2301	16896	28
0	2307	16941	27
0	2322	16960	28
0	2323	17003	27
0	2327	17014	26
0	2332	17024	27
0	2337	17088	28
0	2347	17122	27
0	2355	17152	28
0	2359	17216	29
0	2363	17280	30
0	2366	17319	29
0	2372	17344	30
0	2375	17369	29
0	2381	17408	30
0	2382	17411	29
0	2390	17472	30
0	2393	17534	29
0	2399	17536	30
0	2400	17544	29
0	2405	17581	28
0	2412	17597	27
0	2418	17600	28
0	2421	17643	27
0	2427	17664	28
0	2433	17728	29
0	2436	17782	28
0	2442	17792	29
0	2444	17856	30
0	2445	17917	29
0	2451	17920	30
0	2455	17984	31
0	2456	17993	30
0	2457	17993	29
0	2470	18000	30
0	2474	18048	31
0	2477	18112	30
0	2481	18112	31
0	2485	18176	32
0	2504	18240	33
0	2507	18282	32
0	2512	18287	31
0	2518	18304	32
0	2519	18366	31
0	2525	18368	32
0	2531	18432	33
0	2535	18496	34
0	2536	18522	33
0	2541	18545	32
0	2547	18560	33
0	2548	18574	32
0	2558	18624	33
0	2559	18651	32
0	2567	18688	33
0	2568	18705	32
0	2574	18752	33
0	2577	18798	32
0	2583	18816	33
0	2584	18841	32
0	2590	18880	33
0	2594	18944	34
0	2596	19008	35
0	2600	19072	36
0	2604	19136	37
0	2605	19156	36
0	2611	19200	37
0	2614	19264	36
0	2618	19264	37
0	2621	19277	36
0	2628	19324	35
0	2634	19328	36
0	2635	19383	35
0	2641	19392	36
0	2645	19456	37
0	2646	19457	36
0	2663	19520	37
0	2669	19584	38
0	2671	19648	39
0	2672	19680	38
0	2678	19712	39
0	2679	19714	38
0	2686	19762	37
0	2692	19776	38
0	2693	19777	37
0	2698	19793	36
0	2702	19807	35
0	2706	19815	34
0	2710	19817	33
0	2714	19838	32
0	2719	19840	33
0	2723	19867	32
0	2727	19873	31
0	2732	19904	32
0	2734	19968	33
0	2745	20032	34
0	2752	20079	33
0	2756	20080	32
0	2761	20096	33
0	2766	20160	34
0	2771	20224	35
0	2773	20288	36
0	2780	20352	37
0	2782	20416	38
0	2784	20480	39
0	2788	20544	40
0	2794	20608	41
0	2796	20672	42
0	2797	20704	41
0	2802	20706	40
0	2810	20736	41
0	2813	20798	40
0	2819	20800	41
0	2822	20813	40
0	2827	20860	39
0	2833	20864	40
0	2834	20915	39
0	2840	20928	40
0	2841	20961	39
0	2847	20992	40
0	2854	21056	41
0	2855	21092	40
0	2863	21120	41
0	2875	21184	42
0	2877	21248	43
0	2878	21263	42
0	2886	21312	43
0	2888	21376	44
0	2890	21440	45
0	2891	21481	44
0	2899	21504	45
0	2903	21568	46
0	2904	21582	45
0	2910	21632	46
0	2912	21696	47
0	2914	21760	48
0	2917	21803	47
0	2923	21824	48
0	2925	21888	49
0	2927	21952	50
0	2929	22016	51
0	2931	22080	52
0	2932	22091	51
0	2939	22122	50
0	2945	22144	51
0	2946	22182	50
0	2951	22198	49
0	2959	22208	50
0	2960	22228	49
0	2972	22272	50
0	2976	22336	51
0	2977	22382	50
0	2983	22400	51
0	2984	22409	50
0	2989	22463	49
0	2997	22464	50
0	3006	22528	51
0	3008	22592	52
0	3009	22604	51
0	3017	22656	52
0	3019	22720	53
0	3020	22737	52
0	3025	22756	51
0	3030	22765	50
0	3042	22784	51
0	3047	22848	50
0	3051	22848	51
0	3056	22904	50
0	3062	22912	51
0	3063	22920	50
0	3071	22976	51
0	3072	23018	50
0	3078	23040	51
0	3083	23081	50
0	3088	23093	49
0	3094	23104	50
0	3098	23168	51
0	3100	23232	52
0	3101	23241	51
0	3106	23257	50
0	3112	23296	51
0	3118	23360	52
0	3122	23424	53
0	3124	23488	54
0	3128	23552	55
0	3129	23565	54
0	3134	23568	53
0	3139	23590	52
0	3145	23616	53
0	3146	23644	52
0	3151	23669	51
0	3156	23680	52
0	3161	23744	53
0	3166	23770	52
0	3173	23783	51
0	3179	23808	52
0	3185	23872	53
0	3186	23904	52
0	3192	23936	53
0	3193	23970	52
0	3203	24000	53
0	3205	24000	54
0	3207	24005	53
0	3217	24064	54
0	3218	24104	53
0	3226	24128	54
0	3230	24192	55
0	3232	24256	56
0	3233	24309	55
0	3239	24320	56
0	3246	24384	57
0	3252	24448	58
0	3256	24512	59
0	3257	24519	58
0	3263	24576	59
0	3264	24585	58
0	3272	24640	59
0	3278	24704	60
0	3279	24726	59
0	3284	24733	58
0	3292	24768	59
0	3293	24774	58
0	3301	24832	59
0	3304	24864	58
0	3314	24896	59
0	3315	24898	58
0	3322	24942	57
0	3328	24960	58
0	3329	25023	57
0	3335	25024	58
0	3339	25088	59
0	3341	25152	60
0	3342	25172	59
0	3349	25205	58
0	3355	25216	59
0	3358	25258	58
0	3366	25280	59
0	3368	25344	60
0	3369	25378	59
0	3375	25408	60
0	3376	25435	59
0	3384	25472	60
0	3390	25518	59
0	3396	25536	60
0	3402	25600	61
0	3403	25655	60
0	3409	25664	61
0	3412	25722	60
0	3418	25728	61
0	3423	25754	60
0	3429	25792	61
0	3430	25795	60
0	3436	25856	61
0	3437	25873	60
0	3446	25915	59
0	3452	25920	60
0	3456	25984	61
0	3457	26023	60
0	3465	26048	61
0	3475	26112	62
0	3477	26176	63
0	3479	26240	64
0	3481	26304	65
0	3482	26352	64
0	3487	26353	63
0	3493	26368	64
0	3496	26410	63
0	3502	26432	64
0	3503	26469	63
0	3511	26496	64
0	3512	26507	63
0	3519	26544	62
0	3527	26560	63
0	3530	26603	62
0	3536	26624	63
0	3537	26648	62
0	3543	26688	63
0	3549	26752	64
0	3551	26816	65
0	3552	26834	64
0	3558	26880	65
0	3559	26907	64
0	3566	26933	63
0	3572	26944	64
0	3573	26958	63
0	3582	27008	64
0	3584	27072	65
0	3585	27084	64
0	3592	27098	63
0	3596	27129	62
0	3601	27136	63
0	3603	27200	64
0	3608	27263	63
0	3613	27264	64
0	3614	27300	63
0	3619	27328	64
0	3621	27392	65
0	3629	27456	66
0	3633	27520	67
0	3641	27584	68
0	3645	27648	69
0	3649	27712	70
0	3651	27776	71
0	3655	27840	72
0	3657	27904	73
0	3658	27930	72
0	3664	27968	73
0	3665	27981	72
0	3671	28032	73
0	3675	28096	74
0	3676	28146	73
0	3682	28160	74
0	3688	28224	75
0	3692	28288	76
0	3693	28306	75
0	3699	28352	76
0	3700	28402	75
0	3706	28416	76
0	3712	28480	77
0	3716	28520	76
0	3722	28544	77
0	3726	28608	78
0	3727	28620	77
0	3731	28620	76
0	3741	28642	75
0	3749	28672	76
0	3755	28736	77
0	3757	28800	78
0	3758	28844	77
0	3766	28864	78
0	3768	28928	79
0	3769	28958	78
0	3775	28992	79
0	3778	29043	78
0	3784	29056	79
0	3787	29088	78
0	3793	29120	79
0	3794	29136	78
0	3803	29172	77
0	3809	29184	78
0	3810	29185	77
0	3815	29188	76
0	3823	29248	77
0	3825	29264	76
0	3834	29312	77
0	3836	29376	78
0	3837	29393	77
0	3845	29440	78
0	3847	29504	79
0	3849	29568	80
0	3851	29632	81
0	3852	29646	80
0	3858	29696	81
0	3862	29760	82
0	3863	29770	81
0	3869	29824	82
0	3870	29832	81
0	3878	29888	82
0	3880	29952	83
0	3887	30000	84
0	3891	30016	85
0	3898	30080	86
0	3903	30132	85
0	3909	30144	86
0	3913	30208	87
0	3917	30272	88
0	3918	30280	87
0	3928	30336	88
0	3930	30400	89
0	3934	30464	90
0	3936	30528	91
0	3938	30592	92
0	3940	30656	93
0	3941	30671	92
0	3951	30720	93
0	3953	30784	94
0	3954	30817	93
0	3960	30848	94
0	3961	30851	93
0	3969	30912	94
0	3970	30915	93
0	3978	30976	94
0	3979	30992	93
0	3985	31040	94
0	3987	31104	95
0	3988	31163	94
0	3994	31168	95
0	3996	31232	96
0	3999	31273	95
0	4005	31296	96
0	4009	31360	97
0	4011	31424	98
0	4013	31488	99
0	4018	31552	100
0	4020	31616	101
0	4023	31678	100
0	4029	31680	101
0	4032	31715	100
0	4037	31732	99
0	4043	31744	100
0	4049	31808	101
0	4050	31867	100
0	4056	31872	101
0	4058	31936	102
0	4062	32000	103
0	4063	32027	102
0	4068	32040	101
0	4074	32064	102
0	4075	32079	101
0	4085	32128	102
0	4088	32154	101
0	4098	32192	102
0	4101	32213	101
0	4106	32219	100
0	4114	32256	101
0	4115	32284	100
0	4123	32320	101
0	4126	32354	100
0	4132	32384	101
0	4133	32398	100
0	4143	32448	101
0	4144	32484	100
0	4151	32503	99
0	4157	32512	100
0	4158	32576	99
0	4162	32576	100
0	4167	32624	99
0	4175	32640	100
0	4178	32700	99
0	4184	32704	100
0	4188	32768	101
0	4191	32802	100
0	4198	32825	99
0	4204	32832	100
0	4208	32896	101
0	4211	32925	100
0	4216	32956	99
0	4221	32957	98
0	4227	32960	99
0	4232	33024	100
0	4233	33026	99
0	4241	33088	100
0	4246	33117	99
0	4251	33149	98
0	4257	33152	99
0	4265	33216	100
0	4269	33280	101
0	4270	33310	100
0	4280	33344	101
0	4281	33378	100
0	4286	33391	99
0	4292	33408	100
0	4294	33472	101
0	4298	33536	102
0	4302	33600	103
0	4303	33627	102
0	4309	33664	103
0	4313	33728	104
0	4314	33749	103
0	4319	33786	102
0	4325	33792	103
0	4329	33856	104
0	4333	33920	105
0	4334	33966	104
0	4339	33972	103
0	4345	33984	104
0	4348	34006	103
0	4356	34048	104
0	4357	34109	103
0	4362	34111	102
0	4368	34112	103
0	4372	34176	104
0	4373	34190	103
0	4380	34207	102
0	4386	34240	103
0	4387	34247	102
0	4395	34304	103
0	4401	34368	104
0	4403	34432	105
0	4406	34458	104
0	4414	34496	105
0	4423	34560	106
0	4424	34571	105
0	4431	34595	104
0	4436	34618	103
0	4443	34624	104
0	4450	34688	105
0	4451	34698	104
0	4458	34718	103
0	4463	34722	102
0	4469	34752	103
0	4473	34816	104
0	4477	34880	105
0	4481	34944	106
0	4483	35008	107
0	4484	35066	106
0	4490	35072	107
0	4491	35082	106
0	4496	35091	105
0	4501	35098	104
0	4506	35129	103
0	4511	35136	102
0	4512	35136	103
0	4519	35161	102
0	4523	35179	101
0	4527	35180	100
0	4532	35200	101
0	4534	35264	102
0	4539	35328	103
0	4546	35379	102
0	4551	35392	103
0	4552	35404	102
0	4559	35417	101
0	4564	35456	102
0	4565	35490	101
0	4570	35520	102
0	4571	35543	101
0	4579	35584	102
0	4584	35648	103
0	4585	35670	102
0	4589	35681	101
0	4600	35712	102
0	4604	35776	101
0	4608	35776	102
0	4611	35840	103
0	4612	35852	102
0	4623	35904	103
0	4627	35913	102
0	4632	35968	103
0	4640	36000	104
0	4647	36032	105
0	4651	36096	106
0	4655	36160	107
0	4656	36164	106
0	4661	36173	105
0	4673	36224	106
0	4675	36288	107
0	4682	36352	108
0	4687	36376	107
0	4697	36416	108
0	4700	36480	107
0	4704	36480	108
0	4707	36520	107
0	4713	36544	108
0	4714	36604	107
0	4720	36608	108
0	4724	36672	109
0	4725	36674	108
0	4733	36736	109
0	4735	36800	110
0	4736	36803	109
0	4742	36864	110
0	4743	36869	109
0	4747	36874	108
0	4756	36928	109
0	4759	36960	108
0	4767	36992	109
0	4770	37001	108
0	4776	37056	109
0	4778	37120	110
0	4781	37144	109
0	4789	37184	110
0	4790	37205	109
0	4800	37248	110
0	4802	37312	111
0	4803	37345	110
0	4810	37357	109
0	4818	37376	110
0	4821	37399	109
0	4829	37440	110
0	4830	37471	109
0	4838	37502	108
0	4844	37504	109
0	4845	37522	108
0	4850	37531	107
0	4854	37535	106
0	4859	37568	107
0	4864	37632	108
0	4869	37696	109
0	4875	37760	110
0	4878	37808	109
0	4884	37824	110
0	4888	37888	111
0	4889	37916	110
0	4893	37916	109
0	4899	37941	108
0	4911	37952	109
0	4912	37957	108
0	4913	37957	107
0	4929	38016	108
0	4933	38080	109
0	4936	38112	108
0	4941	38133	107
0	4947	38144	108
0	4949	38208	109
0	4955	38272	110
0	4957	38336	111
0	4958	38343	110
0	4964	38400	111
0	4965	38409	110
0	4970	38422	109
0	4978	38464	110
0	4982	38528	111
0	4988	38592	112
0	4989	38611	111
0	4995	38656	112
0	4996	38675	111
0	5002	38720	112
0	5003	38752	111
0	5011	38784	112
0	5012	38835	111
0	5020	38848	112
0	5021	38873	111
0	5027	38912	112
0	5028	38951	111
0	5033	38960	110
0	5043	38976	111
0	5050	39040	112
0	5051	39057	111
0	5056	39098	110
0	5062	39104	111
0	5065	39149	110
0	5071	39168	111
0	5074	39192	110
0	5079	39196	109
0	5084	39232	110
0	5089	39267	109
0	5094	39296	110
0	5096	39360	111
0	5107	39396	110
0	5112	39397	109
0	5117	39424	110
0	5118	39447	109
0	5123	39455	108
0	5130	39488	109
0	5132	39552	110
0	5133	39599	109
0	5138	39616	110
0	5139	39623	109
0	5147	39680	110
0	5148	39715	109
0	5159	39744	110
0	5167	39808	111
0	5169	39872	112
0	5175	39936	113
0	5179	40000	114
0	5183	40064	115
0	5184	40117	114
0	5190	40128	115
0	5191	40152	114
0	5197	40192	115
0	5198	40244	114
0	5203	40256	113
0	5207	40256	114
0	5215	40320	115
0	5217	40384	116
0	5218	40391	115
0	5228	40448	116
0	5232	40512	115
0	5236	40512	116
0	5245	40563	115
0	5250	40565	114
0	5257	40574	113
0	5263	40576	114
0	5267	40640	115
0	5270	40702	114
0	5276	40704	115
0	5277	40743	114
0	5283	40768	115
0	5286	40829	114
0	5292	40832	115
0	5298	40896	116
0	5301	40917	115
0	5306	40950	114
0	5312	40960	115
0	5313	40970	114
0	5318	40972	113
0	5322	40981	112
0	5330	41024	113
0	5331	41025	112
0	5338	41061	111
0	5346	41088	112
0	5352	41120	111
0	5360	41152	112
0	5361	41160	111
0	5371	41216	112
0	5372	41273	111
0	5378	41280	112
0	5379	41310	111
0	5385	41344	112
0	5388	41371	111
0	5396	41408	112
0	5400	41472	113
0	5401	41527	112
0	5407	41536	113
0	5410	41578	112
0	5416	41600	113
0	5417	41615	112
0	5425	41664	113
0	5429	41728	114
0	5433	41792	115
0	5435	41856	116
0	5439	41920	117
0	5440	41944	116
0	5446	41984	117
0	5451	42000	118
0	5454	42012	117
0	5465	42048	118
0	5468	42092	117
0	5474	42112	118
0	5478	42176	119
0	5479	42220	118
0	5485	42240	119
0	5486	42245	118
0	5494	42304	119
0	5502	42368	120
0	5505	42397	119
0	5513	42432	120
0	5518	42482	119
0	5524	42496	120
0	5526	42560	121
0	5527	42583	120
0	5532	42597	119
0	5540	42624	120
0	5544	42688	121
0	5546	42752	122
0	5547	42781	121
0	5555	42816	122
0	5557	42880	123
0	5558	42943	122
0	5564	42944	123
0	5565	42960	122
0	5573	43008	123
0	5576	43025	122
0	5586	43072	123
0	5587	43097	122
0	5593	43136	123
0	5594	43138	122
0	5601	43163	121
0	5606	43180	120
0	5611	43196	119
0	5617	43200	120
0	5618	43212	119
0	5622	43217	118
0	5635	43264	119
0	5637	43328	120
0	5638	43380	119
0	5643	43384	118
0	5648	43392	119
0	5654	43456	118
0	5658	43456	119
0	5663	43489	118
0	5674	43520	119
0	5683	43579	118
0	5688	43583	117
0	5694	43584	118
0	5696	43648	119
0	5703	43673	118
0	5709	43712	119
0	5711	43776	120
0	5712	43795	119
0	5717	43805	118
0	5723	43840	119
0	5724	43899	118
0	5729	43904	119
0	5734	43968	120
0	5740	44032	121
0	5741	44034	120
0	5748	44060	119
0	5757	44096	118
0	5761	44096	119
0	5767	44160	120
0	5769	44224	121
0	5770	44244	120
0	5775	44249	119
0	5779	44249	118
0	5786	44288	119
0	5787	44298	118
0	5791	44311	117
0	5802	44352	118
0	5806	44416	119
0	5810	44480	120
0	5814	44544	121
0	5815	44576	120
0	5820	44579	119
0	5826	44608	120
0	5828	44672	121
0	5830	44736	122
0	5831	44743	121
0	5839	44800	122
0	5844	44849	121
0	5850	44864	122
0	5851	44871	121
0	5863	44928	122
0	5864	44965	121
0	5870	44992	122
0	5876	45043	121
0	5883	45053	120
0	5889	45056	121
0	5891	45120	122
0	5894	45130	121
0	5900	45184	122
0	5901	45204	121
0	5909	45248	122
0	5911	45312	123
0	5920	45346	122
0	5926	45376	123
0	5928	45440	124
0	5929	45490	123
0	5935	45504	124
0	5939	45568	125
0	5943	45632	126
0	5944	45658	125
0	5949	45662	124
0	5957	45696	125
0	5959	45760	126
0	5961	45824	127
0	5962	45848	126
0	5967	45861	125
0	5973	45888	126
0	5976	45907	125
0	5984	45952	126
0	5985	45997	125
0	5990	46008	124
0	5996	46016	125
0	5997	46025	124
0	6004	46055	123
0	6011	46075	122
0	6016	46080	123
0	6017	46093	122
0	6028	46144	123
0	6029	46145	122
0	6038	46192	121
0	6044	46208	122
0	6046	46272	123
0	6047	46280	122
0	6051	46287	121
0	6056	46336	122
0	6057	46395	121
0	6062	46400	122
0	6063	46405	121
0	6071	46464	122
0	6076	46528	123
0	6090	46592	124
0	6094	46637	123
0	6099	46656	124
0	6100	46670	123
0	6112	46694	122
0	6122	46720	123
0	6124	46784	124
0	6128	46848	125
0	6130	46912	126
0	6131	46919	125
0	6141	46976	126
0	6143	47040	127
0	6145	47104	128
0	6147	47168	129
0	6148	47169	128
0	6155	47217	127
0	6160	47229	126
0	6166	47232	127
0	6169	47253	126
0	6179	47296	127
0	6181	47360	128
0	6182	47411	127
0	6188	47424	128
0	6192	47488	129
0	6194	47552	130
0	6196	47616	131
0	6197	47666	130
0	6203	47680	131
0	6204	47700	130
0	6210	47744	131
0	6211	47751	130
0	6217	47808	131
0	6218	47819	130
0	6228	47872	129
0	6229	47872	130
0	6236	47922	129
0	6244	47936	130
0	6245	47941	129
0	6261	48000	130
0	6263	48000	131
0	6271	48064	132
0	6272	48109	131
0	6278	48128	132
0	6279	48150	131
0	6284	48158	130
0	6294	48192	131
0	6295	48195	130
0	6300	48207	129
0	6310	48256	130
0	6318	48320	131
0	6319	48349	130
0	6325	48384	131
0	6328	48422	130
0	6336	48448	131
0	6337	48494	130
0	6345	48512	131
0	6349	48576	132
0	6350	48585	131
0	6356	48640	132
0	6357	48679	131
0	6367	48704	132
0	6368	48728	131
0	6376	48768	132
0	6377	48788	131
0	6383	48832	132
0	6384	48854	131
0	6392	48896	132
0	6393	48903	131
0	6398	48936	130
0	6404	48960	131
0	6407	49009	130
0	6413	49024	131
0	6417	49088	132
0	6418	49089	131
0	6424	49152	132
0	6427	49202	131
0	6433	49216	132
0	6438	49280	131
0	6442	49280	132
0	6445	49319	131
0	6451	49344	132
0	6452	49363	131
0	6457	49408	132
0	6466	49472	133
0	6475	49536	134
0	6481	49600	135
0	6482	49606	134
0	6487	49609	133
0	6495	49664	134
0	6499	49728	135
0	6500	49753	134
0	6505	49760	133
0	6510	49776	132
0	6518	49792	133
0	6520	49856	134
0	6521	49904	133
0	6529	49920	134
0	6535	49984	135
0	6539	50048	136
0	6541	50112	137
0	6542	50172	136
0	6548	50176	137
0	6549	50214	136
0	6557	50240	137
0	6558	50264	136
0	6564	50304	137
0	6565	50314	136
0	6570	50332	135
0	6580	50368	136
0	6581	50388	135
0	6587	50432	136
0	6588	50438	135
0	6596	50496	136
0	6599	50543	135
0	6605	50560	136
0	6609	50624	137
0	6610	50678	136
0	6618	50688	137
0	6620	50752	138
0	6621	50757	137
0	6629	50816	138
0	6633	50880	139
0	6634	50904	138
0	6635	50904	137
0	6644	50937	136
0	6650	50944	137
0	6651	50950	136
0	6655	50952	135
0	6660	50956	134
0	6678	51008	135
0	6679	51058	134
0	6685	51072	135
0	6688	51099	134
0	6696	51136	135
0	6699	51182	134
0	6707	51200	135
0	6708	51204	134
0	6716	51264	135
0	6717	51287	134
0	6724	51322	133
0	6730	51328	134
0	6733	51384	133
0	6739	51392	134
0	6740	51398	133
0	6748	51456	134
0	6749	51460	133
0	6757	51520	134
0	6758	51584	133
0	6762	51584	134
0	6767	51605	133
0	6775	51648	134
0	6777	51712	135
0	6781	51776	136
0	6790	51828	135
0	6795	51834	134
0	6801	51840	135
0	6804	51899	134
0	6810	51904	135
0	6811	51953	134
0	6817	51968	135
0	6820	51985	134
0	6832	52032	135
0	6833	52035	134
0	6839	52096	135
0	6840	52139	134
0	6846	52160	135
0	6849	52179	134
0	6856	52194	133
0	6863	52220	132
0	6869	52224	133
0	6870	52288	132
0	6874	52288	133
0	6877	52296	132
0	6885	52352	133
0	6891	52416	134
0	6894	52474	133
0	6900	52480	134
0	6904	52515	133
0	6910	52544	134
0	6912	52608	135
0	6913	52656	134
0	6919	52672	135
0	6927	52736	136
0	6928	52746	135
0	6936	52800	136
0	6942	52864	137
0	6945	52876	136
0	6951	52928	137
0	6952	52961	136
0	6960	52992	137
0	6962	53056	138
0	6963	53079	137
0	6971	53120	138
0	6977	53184	139
0	6978	53240	138
0	6984	53248	139
0	6986	53312	140
0	6988	53376	141
0	6990	53440	142
0	6993	53460	141
0	6999	53504	142
0	7000	53527	141
0	7005	53550	140
0	7011	53568	141
0	7012	53584	140
0	7017	53606	139
0	7024	53628	138
0	7029	53632	139
0	7031	53696	140
0	7036	53760	141
0	7042	53824	142
0	7047	53888	141
0	7051	53888	142
0	7054	53894	141
0	7061	53902	140
0	7069	53952	141
0	7070	53984	140
0	7079	54000	141
0	7083	54016	142
0	7091	54043	141
0	7099	54080	142
0	7107	54144	143
0	7108	54156	142
0	7116	54208	143
0	7120	54272	144
0	7121	54299	143
0	7129	54336	144
0	7133	54400	145
0	7135	54464	146
0	7137	54528	147
0	7139	54592	148
0	7140	54605	147
0	7145	54607	146
0	7153	54656	147
0	7154	54668	146
0	7160	54720	147
0	7163	54739	146
0	7168	54777	145
0	7174	54784	146
0	7178	54848	147
0	7179	54865	146
0	7187	54912	147
0	7191	54976	148
0	7192	54980	147
0	7198	55040	148
0	7199	55048	147
0	7206	55095	146
0	7214	55104	147
0	7215	55122	146
0	7221	55168	147
0	7224	55199	146
0	7232	55232	147
0	7238	55296	148
0	7239	55359	147
0	7245	55360	148
0	7247	55424	149
0	7249	55488	150
0	7250	55490	149
0	7260	55515	148
0	7269	55550	147
0	7275	55552	148
0	7279	55616	149
0	7285	55680	150
0	7286	55721	149
0	7294	55744	150
0	7298	55808	151
0	7299	55847	150
0	7304	55848	149
0	7310	55872	150
0	7311	55890	149
0	7316	55908	148
0	7321	55909	147
0	7329	55936	148
0	7333	56000	149
0	7335	56064	150
0	7339	56128	151
0	7342	56140	150
0	7352	56192	151
0	7353	56211	150
0	7358	56224	149
0	7364	56256	150
0	7365	56316	149
0	7371	56320	150
0	7372	56324	149
0	7384	56384	150
0	7388	56448	151
0	7389	56478	150
0	7394	56482	149
0	7402	56512	150
0	7403	56548	149
0	7408	56574	148
0	7414	56576	149
0	7416	56640	150
0	7418	56704	151
0	7424	56768	152
0	7425	56785	151
0	7433	56832	152
0	7434	56839	151
0	7439	56853	150
0	7447	56896	151
0	7450	56924	150
0	7457	56957	149
0	7463	56960	150
0	7470	57024	151
0	7472	57088	152
0	7475	57142	151
0	7481	57152	152
0	7483	57216	153
0	7485	57280	154
0	7486	57341	153
0	7492	57344	154
0	7493	57378	153
0	7498	57397	152
0	7504	57408	153
0	7512	57472	154
0	7513	57505	153
0	7518	57523	152
0	7524	57536	153
0	7528	57600	154
0	7531	57636	153
0	7537	57664	154
0	7541	57728	155
0	7542	57736	154
0	7549	57745	153
0	7559	57792	154
0	7562	57813	153
0	7568	57856	154
0	7571	57914	153
0	7577	57920	154
0	7578	57937	153
0	7583	57959	152
0	7587	57975	151
0	7591	57978	150
0	7599	57984	151
0	7607	58048	152
0	7615	58112	153
0	7617	58176	154
0	7621	58240	155
0	7622	58247	154
0	7629	58266	153
0	7635	58304	154
0	7637	58368	155
0	7638	58378	154
0	7643	58386	153
0	7648	58388	152
0	7653	58393	151
0	7661	58432	152
0	7665	58496	153
0	7672	58560	154
0	7674	58624	155
0	7678	58688	156
0	7680	58752	157
0	7688	58816	158
0	7692	58880	159
0	7693	58932	158
0	7699	58944	159
0	7700	58989	158
0	7706	59008	159
0	7710	59072	160
0	7711	59116	159
0	7717	59136	160
0	7718	59182	159
0	7724	59200	160
0	7730	59264	161
0	7732	59328	162
0	7734	59392	163
0	7738	59456	164
0	7739	59490	163
0	7744	59517	162
0	7750	59520	163
0	7751	59549	162
0	7756	59571	161
0	7762	59584	162
0	7768	59648	163
0	7769	59667	162
0	7775	59712	163
0	7778	59737	162
0	7784	59776	163
0	7790	59840	164
0	7791	59894	163
0	7797	59904	164
0	7799	59968	165
0	7800	59998	164
0	7809	60000	165
0	7817	60012	164
0	7822	60032	165
0	7828	60088	164
0	7834	60096	165
0	7843	60145	164
0	7850	60156	163
0	7856	60160	164
0	7857	60165	163
0	7867	60224	164
0	7869	60288	165
0	7870	60315	164
0	7875	60339	163
0	7879	60341	162
0	7884	60352	163
0	7892	60416	164
0	7894	60480	165
0	7902	60544	166
0	7904	60608	167
0	7906	60672	168
0	7907	60736	167
0	7911	60736	168
0	7917	60800	169
0	7921	60864	170
0	7922	60865	169
0	7927	60885	168
0	7935	60928	169
0	7937	60992	170
0	7940	61039	169
0	7946	61056	170
0	7947	61103	169
0	7953	61120	170
0	7956	61151	169
0	7961	61167	168
0	7968	61176	167
0	7973	61182	166
0	7979	61184	167
0	7982	61228	166
0	7992	61248	167
0	7993	61263	166
0	7999	61312	167
0	8005	61376	168
0	8006	61395	167
0	8014	61440	168
0	8015	61447	167
0	8020	61467	166
0	8029	61504	167
0	8032	61560	166
0	8038	61568	167
0	8039	61574	166
0	8048	61625	165
0	8054	61632	166
0	8061	61650	165
0	8067	61696	166
0	8070	61719	165
0	8080	61760	166
0	8086	61824	167
0	8087	61886	166
0	8093	61888	167
0	8095	61952	168
0	8096	61960	167
0	8101	61980	166
0	8109	62016	167
0	8111	62080	168
0	8112	62110	167
0	8118	62144	168
0	8121	62156	167
0	8129	62208	168
0	8132	62233	167
0	8138	62272	168
0	8140	62336	169
0	8141	62348	168
0	8147	62400	169
0	8148	62440	168
0	8153	62444	167
0	8161	62464	168
0	8162	62482	167
0	8167	62528	168
0	8169	62592	169
0	8173	62637	168
0	8178	62656	169
0	8179	62685	168
0	8186	62701	167
0	8191	62720	168
0	8199	62784	169
0	8200	62811	168
0	8208	62848	169
0	8212	62912	170
0	8213	62923	169
0	8218	62930	168
0	8223	62976	169
0	8231	63040	170
0	8235	63104	171
0	8243	63168	172
0	8248	63218	171
0	8254	63232	172
0	8260	63296	173
0	8261	63333	172
0	8267	63360	173
0	8270	63420	172
0	8276	63424	173
0	8277	63453	172
0	8283	63488	173
0	8284	63514	172
0	8294	63552	173
0	8296	63616	174
0	8300	63680	175
0	8301	63702	174
0	8306	63705	173
0	8312	63744	174
0	8314	63808	175
0	8317	63823	174
0	8322	63830	173
0	8328	63872	174
0	8329	63878	173
0	8334	63912	172
0	8339	63936	173
0	8340	63968	172
0	8351	64000	173
0	8353	64064	174
0	8354	64099	173
0	8359	64128	174
0	8363	64157	173
0	8373	64192	174
0	8378	64238	173
0	8383	64247	172
0	8389	64256	173
0	8390	64279	172
0	8395	64292	171
0	8400	64320	172
0	8401	64359	171
0	8406	64384	172
0	8411	64448	173
0	8412	64475	172
0	8426	64512	173
0	8427	64540	172
0	8434	64558	171
0	8439	64576	172
0	8441	64640	173
0	8456	64704	174
0	8457	64725	173
0	8464	64767	172
0	8470	64768	173
0	8476	64832	174
0	8480	64896	175
0	8482	64960	176
0	8484	65024	177
0	8485	65062	176
0	8490	65065	175
0	8497	65086	174
0	8503	65088	175
0	8505	65152	176
0	8509	65216	177
0	8510	65238	176
0	8515	65272	175
0	8521	65280	176
0	8524	65334	175
0	8530	65344	176
0	8536	65408	177
0	8537	65435	176
0	8543	65472	177
0	8544	65476	176
0	8549	65534	175
0	8555	65536	176
0	8557	65600	177
0	8558	65605	176
0	8566	65664	177
0	8567	65704	176
0	8572	65717	175
0	8577	65728	176
0	8581	65776	175
0	8586	65792	176
0	8593	65856	177
0	8594	65869	176
0	8606	65920	177
0	8607	65981	176
0	8613	65984	177
0	8620	66000	178
0	8623	66020	177
0	8629	66048	178
0	8630	66053	177
0	8635	66057	176
0	8645	66112	177
0	8651	66176	178
0	8654	66228	177
0	8660	66240	178
0	8661	66255	177
0	8669	66304	178
0	8673	66368	179
0	8674	66413	178
0	8680	66432	179
0	8681	66439	178
0	8687	66496	179
0	8693	66517	178
0	8701	66560	179
0	8707	66624	180
0	8709	66688	181
0	8712	66744	180
0	8718	66752	181
0	8720	66816	182
0	8724	66880	183
0	8725	66893	182
0	8737	66944	183
0	8741	67008	184
0	8742	67041	183
0	8748	67072	184
0	8750	67136	185
0	8751	67165	184
0	8757	67200	185
0	8760	67213	184
0	8767	67247	183
0	8773	67264	184
0	8776	67315	183
0	8781	67327	182
0	8787	67328	183
0	8791	67392	184
0	8792	67443	183
0	8800	67456	184
0	8805	67520	185
0	8815	67584	186
0	8817	67648	187
0	8818	67653	186
0	8823	67688	185
0	8828	67710	184
0	8834	67712	185
0	8838	67776	186
0	8841	67827	185
0	8851	67840	186
0	8854	67850	185
0	8860	67904	186
0	8861	67915	185
0	8868	67949	184
0	8874	67968	185
0	8877	68007	184
0	8883	68032	185
0	8886	68083	184
0	8892	68096	185
0	8896	68160	186
0	8897	68196	185
0	8903	68224	186
0	8904	68226	185
0	8912	68288	186
0	8916	68352	187
0	8917	68355	186
0	8923	68416	187
0	8924	68422	186
0	8929	68453	185
0	8934	68466	184
0	8939	68480	185
0	8940	68516	184
0	8945	68544	185
0	8952	68583	184
0	8956	68604	183
0	8961	68608	184
0	8962	68619	183
0	8969	68665	182
0	8974	68672	183
0	8987	68736	184
0	8991	68800	185
0	8992	68825	184
0	8998	68864	185
0	8999	68888	184
0	9004	68907	183
0	9009	68928	184
0	9013	68951	183
0	9018	68992	184
0	9026	69056	185
0	9034	69120	186
0	9038	69184	187
0	9044	69248	188
0	9045	69299	187
0	9051	69312	188
0	9052	69328	187
0	9060	69376	188
0	9061	69393	187
0	9066	69433	186
0	9072	69440	187
0	9077	69472	186
0	9083	69504	187
0	9089	69568	188
0	9090	69597	187
0	9098	69632	188
0	9099	69670	187
0	9107	69696	188
0	9109	69760	189
0	9110	69798	188
0	9116	69824	189
0	9120	69888	190
0	9124	69952	191
0	9125	69959	190
0	9131	70016	191
0	9135	70080	192
0	9136	70092	191
0	9142	70144	192
0	9143	70160	191
0	9148	70191	190
0	9154	70208	191
0	9155	70211	190
0	9160	70227	189
0	9164	70236	188
0	9172	70272	189
0	9177	70336	190
0	9178	70343	189
0	9185	70388	188
0	9190	70400	189
0	9195	70464	190
0	9196	70488	189
0	9204	70528	190
0	9213	70592	191
0	9218	70615	190
0	9223	70630	189
0	9229	70656	190
0	9230	70662	189
0	9237	70720	190
0	9243	70773	189
0	9249	70784	190
0	9252	70838	189
0	9257	70839	188
0	9262	70848	189
0	9267	70912	190
0	9273	70976	191
0	9274	71017	190
0	9280	71040	191
0	9286	71104	192
0	9287	71115	191
0	9292	71116	190
0	9299	71127	189
0	9307	71168	190
0	9311	71232	191
0	9312	71244	190
0	9317	71261	189
0	9327	71296	190
0	9331	71360	191
0	9333	71424	192
0	9335	71488	193
0	9336	71534	192
0	9341	71538	191
0	9347	71552	192
0	9348	71604	191
0	9354	71616	192
0	9356	71680	193
0	9358	71744	194
0	9362	71808	195
0	9366	71872	196
0	9367	71876	195
0	9375	71936	196
0	9381	72000	197
0	9383	72000	198
0	9394	72064	199
0	9401	72128	200
0	9404	72161	199
0	9409	72175	198
0	9414	72190	197
0	9420	72192	198
0	9422	72256	199
0	9423	72319	198
0	9429	72320	199
0	9435	72384	200
0	9436	72385	199
0	9441	72399	198
0	9446	72419	197
0	9453	72437	196
0	9458	72448	197
0	9463	72512	198
0	9464	72538	197
0	9469	72576	198
0	9470	72629	197
0	9474	72631	196
0	9485	72640	197
0	9491	72702	196
0	9496	72704	195
0	9500	72704	196
0	9503	72768	197
0	9505	72832	198
0	9507	72896	199
0	9511	72920	198
0	9516	72960	197
0	9517	72960	198
0	9521	72980	197
0	9532	73024	198
0	9541	73088	199
0	9542	73100	198
0	9547	73147	197
0	9553	73152	198
0	9556	73184	197
0	9564	73216	198
0	9565	73271	197
0	9571	73280	198
0	9577	73344	199
0	9578	73353	198
0	9585	73367	197
0	9595	73408	198
0	9598	73438	197
0	9604	73472	198
0	9605	73488	197
0	9610	73499	196
0	9621	73536	197
0	9622	73556	196
0	9628	73600	197
0	9636	73664	198
0	9638	73728	199
0	9639	73771	198
0	9645	73792	199
0	9651	73856	200
0	9654	73902	199
0	9662	73920	200
0	9663	73958	199
0	9671	73984	200
0	9672	74005	199
0	9678	74048	200
0	9679	74049	199
0	9687	74112	200
0	9688	74118	199
0	9695	74170	198
0	9701	74176	199
0	9702	74211	198
0	9710	74240	199
0	9711	74252	198
0	9718	74268	197
0	9724	74304	198
0	9725	74309	197
0	9732	74338	196
0	9740	74368	197
0	9744	74432	198
0	9746	74496	199
0	9752	74560	200
0	9753	74614	199
0	9759	74624	200
0	9760	74634	199
0	9772	74688	200
0	9773	74693	199
0	9779	74752	200
0	9783	74816	201
0	9784	74863	200
0	9790	74880	201
0	9792	74944	202
0	9799	75008	203
0	9804	75051	202
0	9809	75058	201
0	9817	75072	202
0	9818	75101	201
0	9824	75136	202
0	9827	75196	201
0	9833	75200	202
0	9834	75226	201
0	9841	75260	200
0	9847	75264	201
0	9848	75274	200
0	9858	75328	201
0	9859	75338	200
0	9864	75382	199
0	9869	75392	200
0	9878	75456	201
0	9882	75520	202
0	9883	75546	201
0	9889	75584	202
0	9890	75608	201
0	9898	75648	202
0	9899	75654	201
0	9907	75712	202
0	9908	75745	201
0	9913	75766	200
0	9918	75773	199
0	9923	75776	200
0	9930	75840	201
0	9931	75902	200
0	9937	75904	201
0	9939	75968	202
0	9945	76032	203
0	9946	76041	202
0	9951	76066	201
0	9958	76074	200
0	9966	76096	201
0	9969	76126	200
0	9975	76160	201
0	9976	76167	200
0	9982	76224	201
0	9986	76288	202
0	9988	76352	203
0	9991	76378	202
0	9997	76416	203
0	9998	76429	202
0	10003	76453	201
0	10011	76480	202
0	10014	76489	201
0	10022	76523	200
0	10031	76544	201
0	10032	76554	200
0	10036	76560	199
0	10044	76608	200
0	10052	76672	201
0	10058	76736	202
0	10062	76800	203
0	10063	76849	202
0	10069	76864	203
0	10070	76913	202
0	10076	76928	203
0	10079	76978	202
0	10085	76992	203
0	10086	77005	202
0	10090	77020	201
0	10098	77056	202
0	10103	77120	203
0	10106	77168	202
0	10114	77184	203
0	10115	77185	202
0	10120	77196	201
0	10130	77248	202
0	10131	77250	201
0	10136	77303	200
0	10141	77312	201
0	10145	77347	200
0	10153	77376	201
0	10156	77423	200
0	10162	77440	201
0	10164	77504	202
0	10167	77535	201
0	10175	77568	202
0	10176	77576	201
0	10181	77616	200
0	10186	77632	201
0	10195	77696	202
0	10196	77741	201
0	10202	77760	202
0	10206	77824	203
0	10207	77853	202
0	10213	77888	203
0	10219	77952	204
0	10224	78000	205
0	10228	78016	206
0	10234	78049	205
0	10240	78080	206
0	10241	78093	205
0	10247	78144	206
0	10258	78203	205
0	10264	78208	206
0	10268	78272	207
0	10269	78326	206
0	10275	78336	207
0	10276	78362	206
0	10281	78367	205
0	10289	78400	206
0	10292	78434	205
0	10302	78464	206
0	10304	78528	207
0	10305	78562	206
0	10313	78592	207
0	10314	78604	206
0	10319	78609	205
0	10324	78624	204
0	10329	78656	205
0	10338	78720	206
0	10342	78784	207
0	10343	78824	206
0	10351	78848	207
0	10353	78912	208
0	10355	78976	209
0	10357	79040	210
0	10358	79089	209
0	10363	79091	208
0	10371	79104	209
0	10374	79153	208
0	10380	79168	209
0	10381	79180	208
0	10389	79232	209
0	10390	79244	208
0	10395	79266	207
0	10405	79296	208
0	10406	79305	207
0	10411	79306	206
0	10418	79347	205
0	10426	79360	206
0	10427	79388	205
0	10435	79424	206
0	10436	79445	205
0	10442	79488	206
0	10450	79528	205
0	10458	79552	206
0	10463	79600	205
0	10469	79616	206
0	10474	79655	205
0	10480	79680	206
0	10482	79744	207
0	10483	79789	206
0	10488	79791	205
0	10496	79808	206
0	10497	79833	205
0	10501	79844	204
0	10505	79844	203
0	10516	79872	204
0	10525	79936	205
0	10527	80000	206
0	10531	80064	207
0	10532	80066	206
0	10539	80106	205
0	10545	80128	206
0	10547	80192	207
0	10548	80232	206
0	10553	80254	205
0	10559	80256	206
0	10560	80274	205
0	10567	80316	204
0	10572	80320	205
0	10573	80339	204
0	10578	80384	205
0	10586	80448	206
0	10591	80504	205
0	10597	80512	206
0	10598	80544	205
0	10609	80563	204
0	10615	80576	205
0	10619	80640	206
0	10620	80646	205
0	10630	80704	206
0	10631	80719	205
0	10636	80735	204
0	10644	80768	205
0	10645	80787	204
0	10651	80832	205
0	10654	80878	204
0	10660	80896	205
0	10661	80910	204
0	10667	80960	205
0	10670	80988	204
0	10681	81024	205
0	10683	81088	206
0	10686	81111	205
0	10694	81152	206
0	10695	81154	205
0	10702	81180	204
0	10708	81216	205
0	10711	81236	204
0	10717	81280	205
0	10721	81344	206
0	10723	81408	207
0	10727	81472	208
0	10728	81520	207
0	10736	81536	208
0	10738	81600	209
0	10739	81603	208
0	10745	81664	209
0	10750	81692	208
0	10756	81728	209
0	10757	81739	208
0	10762	81757	207
0	10770	81792	208
0	10775	81843	207
0	10780	81844	206
0	10786	81856	207
0	10789	81920	206
0	10793	81920	207
0	10801	81984	208
0	10803	82048	209
0	10804	82084	208
0	10812	82112	209
0	10813	82131	208
0	10819	82176	209
0	10820	82211	208
0	10826	82240	209
0	10830	82304	210
0	10832	82368	211
0	10835	82419	210
0	10841	82432	211
0	10842	82464	210
0	10848	82496	211
0	10854	82510	210
0	10862	82560	211
0	10869	82624	210
0	10873	82624	211
0	10879	82688	212
0	10883	82752	213
0	10884	82786	212
0	10890	82816	213
0	10891	82844	212
0	10898	82862	211
0	10904	82880	212
0	10905	82882	211
0	10909	82889	210
0	10917	82944	211
0	10926	83008	212
0	10930	83072	213
0	10932	83136	214
0	10933	83154	213
0	10939	83200	214
0	10943	83264	215
0	10944	83277	214
0	10949	83288	213
0	10957	83328	214
0	10958	83370	213
0	10964	83392	214
0	10969	83456	213
0	10973	83456	214
0	10978	83482	213
0	10984	83520	214
0	10985	83528	213
0	10990	83538	212
0	10997	83551	211
0	11002	83572	210
0	11007	83584	211
0	11016	83648	212
0	11018	83712	213
0	11021	83744	212
0	11027	83776	213
0	11029	83840	214
0	11030	83864	213
0	11037	83901	212
0	11045	83904	213
0	11046	83924	212
0	11052	83968	213
0	11057	84000	214
0	11061	84032	215
0	11062	84090	214
0	11068	84096	215
0	11074	84160	216
0	11078	84224	217
0	11079	84244	216
0	11085	84288	217
0	11087	84352	218
0	11088	84392	217
0	11096	84416	218
0	11107	84480	219
0	11108	84503	218
0	11114	84544	219
0	11120	84608	220
0	11121	84625	219
0	11129	84672	220
0	11130	84699	219
0	11136	84736	220
0	11138	84800	221
0	11139	84815	220
0	11149	84864	221
0	11150	84870	220
0	11160	84928	221
0	11161	84943	220
0	11166	84945	219
0	11176	84992	220
0	11180	85056	221
0	11184	85120	222
0	11186	85184	223
0	11188	85248	224
0	11190	85312	225
0	11191	85346	224
0	11196	85364	223
0	11204	85376	224
0	11205	85377	223
0	11210	85427	222
0	11219	85440	223
0	11227	85504	224
0	11229	85568	225
0	11230	85570	224
0	11235	85595	223
0	11241	85632	224
0	11243	85696	225
0	11244	85703	224
0	11253	85723	223
0	11261	85760	224
0	11264	85791	223
0	11272	85824	224
0	11275	85866	223
0	11281	85888	224
0	11282	85928	223
0	11290	85952	224
0	11296	86016	225
0	11297	86022	224
0	11304	86064	223
0	11310	86080	224
0	11316	86144	225
0	11317	86162	224
0	11325	86208	225
0	11327	86272	226
0	11328	86336	225
0	11332	86336	226
0	11335	86338	225
1	0	0	0
1	6	0	1
1	12	14	0
1	831	6000	1
1	907	6504	0
1	1648	12000	1
1	1674	12138	0
1	2471	18000	1
1	2490	18186	0
1	3204	24000	1
1	3240	24329	0
1	3888	30000	1
1	3892	30059	0
1	4641	36000	1
1	4676	36291	0
1	5452	42000	1
1	5459	42025	0
1	6262	48000	1
1	6265	48037	0
1	7080	54000	1
1	7084	54031	0
1	7810	60000	1
1	7812	60001	0
1	8621	66000	1
1	8688	66498	0
1	9382	72000	1
1	9385	72003	0
1	10225	78000	1
1	10229	78042	0
1	11058	84000	1
1	11097	84420	0
2	0	0	0
2	151	1273	1
2	157	1342	2
2	161	1346	1
2	166	1346	2
2	167	1350	1
2	170	1355	0
2	348	2792	1
2	349	2806	0
2	411	3169	1
2	414	3240	0
2	420	3246	1
2	421	3263	0
2	429	3297	1
2	430	3300	0
2	447	3405	1
2	451	3406	2
2	452	3421	1
2	460	3513	2
2	461	3520	1
2	469	3550	2
2	470	3584	1
2	475	3615	0
2	517	3872	1
2	518	3904	0
2	526	3945	1
2	527	3947	0
2	535	3971	1
2	539	4008	2
2	542	4034	1
2	545	4041	0
2	589	4370	1
2	593	4408	2
2	596	4448	1
2	602	4450	2
2	603	4475	1
2	611	4497	2
2	618	4513	3
2	621	4594	2
2	627	4597	3
2	635	4675	4
2	636	4709	3
2	639	4722	2
2	644	4747	1
2	652	4836	2
2	661	4884	1
2	667	4922	2
2	673	4947	3
2	677	4952	4
2	680	4996	3
2	683	4997	2
2	689	5017	3
2	690	5037	2
2	693	5051	1
2	701	5061	2
2	702	5090	1
2	705	5116	0
2	747	5353	1
2	750	5378	0
2	756	5433	1
2	759	5467	0
2	765	5485	1
2	768	5505	0
2	774	5513	1
2	775	5526	0
2	794	5707	1
2	795	5743	0
2	884	6370	1
2	888	6394	2
2	891	6406	1
2	897	6420	2
2	910	6504	3
2	914	6517	4
2	915	6525	3
2	920	6591	2
2	929	6640	1
2	932	6649	0
2	938	6650	1
2	943	6684	0
2	958	6749	1
2	959	6751	0
2	985	6927	1
2	986	6960	0
2	1039	7352	1
2	1040	7358	0
2	1048	7385	1
2	1049	7395	0
2	1057	7426	1
2	1058	7437	0
2	1289	9364	1
2	1293	9372	2
2	1299	9418	3
2	1300	9419	2
2	1306	9425	3
2	1310	9429	4
2	1311	9449	3
2	1316	9515	2
2	1322	9524	3
2	1323	9531	2
2	1331	9538	3
2	1335	9540	4
2	1336	9573	3
2	1342	9576	4
2	1345	9650	3
2	1348	9654	2
2	1351	9662	1
2	1356	9691	0
2	1364	9738	1
2	1368	9745	2
2	1369	9746	1
2	1374	9836	0
2	1461	10379	1
2	1462	10389	0
2	1580	11663	1
2	1584	11673	2
2	1588	11706	3
2	1594	11715	4
2	1595	11732	3
2	1598	11751	2
2	1606	11787	3
2	1607	11794	2
2	1613	11809	3
2	1614	11821	2
2	1619	11857	1
2	1622	11862	0
2	1653	12003	1
2	1654	12013	0
2	1660	12028	1
2	1663	12036	0
2	1772	12719	1
2	1773	12732	0
2	1790	12863	1
2	1795	12956	0
2	2055	15183	1
2	2056	15191	0
2	2069	15212	1
2	2074	15295	0
2	2158	15967	1
2	2161	16008	0
2	2167	16008	1
2	2170	16073	0
2	2256	16574	1
2	2264	16658	2
2	2268	16673	3
2	2269	16699	2
2	2274	16753	1
2	2282	16768	2
2	2286	16770	3
2	2287	16831	2
2	2295	16838	3
2	2299	16867	4
2	2306	16941	3
2	2312	16941	4
2	2315	16951	3
2	2318	16952	2
2	2326	17003	3
2	2330	17014	4
2	2333	17083	3
2	2338	17089	2
2	2341	17098	1
2	2344	17100	0
2	2350	17122	1
2	2351	17151	0
2	2701	19793	1
2	2705	19807	2
2	2709	19815	3
2	2713	19817	4
2	2717	19838	5
2	2720	19841	4
2	2726	19867	5
2	2730	19873	6
2	2735	19989	5
2	2738	20012	4
2	2741	20024	3
2	2746	20047	2
2	2749	20068	1
2	2755	20079	2
2	2759	20080	3
2	2762	20136	2
2	2767	20184	1
2	2774	20298	0
2	3154	23669	1
2	3157	23707	0
2	3588	27084	1
2	3589	27090	0
2	3595	27098	1
2	3599	27129	2
2	3611	27263	3
2	3617	27300	4
2	3622	27409	3
2	3625	27420	2
2	3634	27538	1
2	3637	27546	0
2	4390	34247	1
2	4391	34278	0
2	4509	35129	1
2	4515	35136	2
2	4516	35150	1
2	4522	35161	2
2	4526	35179	3
2	4530	35180	4
2	4535	35318	3
2	4540	35359	2
2	4543	35362	1
2	4549	35379	2
2	4555	35404	3
2	4556	35415	2
2	4562	35417	3
2	4568	35490	4
2	4574	35543	5
2	4575	35574	4
2	4580	35585	3
2	4588	35670	4
2	4592	35681	5
2	4593	35698	4
2	4596	35702	3
2	4601	35730	2
2	4609	35776	3
2	4615	35852	4
2	4616	35855	3
2	4619	35860	2
2	4624	35910	1
2	4630	35913	2
2	4633	35985	1
2	4643	36007	0
2	4746	36869	1
2	4752	36922	0
2	4853	37531	1
2	4857	37535	2
2	4860	37618	1
2	4865	37660	0
2	4919	37957	1
2	4921	37986	0
2	5036	38960	1
2	5037	38974	0
2	5082	39196	1
2	5092	39267	2
2	5097	39367	1
2	5100	39381	0
2	5115	39397	1
2	5121	39447	2
2	5122	39455	1
2	5128	39455	2
2	5136	39599	3
2	5142	39623	4
2	5143	39658	3
2	5151	39715	4
2	5152	39721	3
2	5155	39724	2
2	5160	39779	1
2	5163	39805	0
2	5321	40972	1
2	5325	40981	2
2	5326	40985	1
2	5334	41025	2
2	5335	41028	1
2	5341	41061	2
2	5342	41070	1
2	5347	41109	0
2	5621	43212	1
2	5625	43217	2
2	5626	43227	1
2	5629	43262	0
2	5646	43384	1
2	5649	43394	0
2	5727	43899	1
2	5730	43943	0
2	5790	44298	1
2	5794	44311	2
2	5795	44326	1
2	5798	44345	0
2	6000	46025	1
2	6001	46041	0
2	6007	46055	1
2	6008	46061	0
2	6014	46075	1
2	6020	46093	2
2	6021	46096	1
2	6024	46122	0
2	6032	46145	1
2	6033	46173	0
2	6050	46280	1
2	6054	46287	2
2	6060	46395	3
2	6066	46405	4
2	6067	46434	3
2	6083	46571	2
2	6086	46581	1
2	6091	46608	0
2	6097	46637	1
2	6103	46670	2
2	6104	46674	1
2	6107	46674	0
2	6455	49363	1
2	6458	49434	0
2	6654	50950	1
2	6658	50952	2
2	6659	50956	1
2	6665	50956	2
2	6666	50958	1
2	6669	50969	0
2	6880	52296	1
2	6881	52302	0
2	7020	53606	1
2	7021	53613	0
2	7027	53628	1
2	7032	53736	0
2	7324	55909	1
2	7325	55928	0
2	7586	57959	1
2	7590	57975	2
2	7594	57978	3
2	7595	57981	2
2	7600	58004	1
2	7603	58048	0
2	7656	58393	1
2	7657	58423	0
2	7820	60012	1
2	7823	60058	0
2	7878	60339	1
2	7882	60341	2
2	7885	60386	1
2	7888	60402	0
2	8156	62444	1
2	8157	62450	0
2	8165	62482	1
2	8170	62627	0
2	8176	62637	1
2	8180	62685	0
2	8185	62685	1
2	8189	62701	2
2	8192	62722	1
2	8195	62765	0
2	8203	62811	1
2	8204	62826	0
2	8221	62930	1
2	8227	63001	0
2	8337	63912	1
2	8343	63968	2
2	8344	63980	1
2	8347	63999	0
2	8357	64099	1
2	8360	64154	0
2	8366	64157	1
2	8367	64158	0
2	8398	64292	1
2	8404	64359	2
2	8407	64416	1
2	8415	64475	2
2	8416	64478	1
2	8419	64485	0
2	8430	64540	1
2	8431	64557	0
2	8437	64558	1
2	8442	64653	0
2	8575	65717	1
2	8578	65748	0
2	8584	65776	1
2	8587	65810	0
2	8638	66057	1
2	8639	66072	0
2	8937	68466	1
2	8943	68516	2
2	8946	68567	1
2	8949	68570	0
2	8955	68583	1
2	8959	68604	2
2	8965	68619	3
2	8966	68659	2
2	8972	68665	3
2	8975	68682	2
2	8978	68696	1
2	8981	68712	0
2	9007	68907	1
2	9010	68932	0
2	9016	68951	1
2	9022	69049	0
2	9163	70227	1
2	9167	70236	2
2	9168	70250	1
2	9173	70325	0
2	9181	70343	1
2	9182	70372	0
2	9188	70388	1
2	9191	70449	0
2	9199	70488	1
2	9205	70537	0
2	9233	70662	1
2	9238	70722	0
2	9260	70839	1
2	9263	70853	0
2	9449	72419	1
2	9450	72423	0
2	9456	72437	1
2	9459	72484	0
2	9467	72538	1
2	9473	72629	2
2	9477	72631	3
2	9478	72632	2
2	9481	72635	1
2	9486	72667	0
2	9501	72704	1
2	9508	72901	0
2	9514	72920	1
2	9520	72960	2
2	9524	72980	3
2	9525	72990	2
2	9528	72999	1
2	9533	73033	0
2	9728	74309	1
2	9729	74334	0
2	9735	74338	1
2	9736	74367	0
2	9851	75274	1
2	9852	75277	0
2	9867	75382	1
2	9870	75395	0
2	9921	75773	1
2	9924	75796	0
2	10006	76453	1
2	10007	76454	0
2	10025	76523	1
2	10035	76554	2
2	10039	76560	3
2	10040	76578	2
2	10045	76633	1
2	10048	76640	0
2	10089	77005	1
2	10093	77020	2
2	10094	77023	1
2	10099	77072	0
2	10123	77196	1
2	10124	77229	0
2	10139	77303	1
2	10142	77332	0
2	10148	77347	1
2	10149	77358	0
2	10184	77616	1
2	10187	77648	0
2	10284	78367	1
2	10285	78376	0
2	10327	78624	1
2	10330	78677	0
2	10453	79528	1
2	10454	79550	0
2	10491	79791	1
2	10492	79808	0
2	10500	79833	1
2	10504	79844	2
2	10508	79844	3
2	10509	79851	2
2	10512	79855	1
2	10517	79904	0
2	10563	80274	1
2	10564	80275	0
2	10570	80316	1
2	10576	80339	2
2	10579	80389	1
2	10582	80407	0
2	10908	82882	1
2	10912	82889	2
2	10913	82932	1
2	10918	82957	0
2	11005	83572	1
2	11008	83593	0
3	0	0	0
4	18	49	49
4	34	154	154
4	37	192	192
4	50	357	165
4	61	470	470
4	75	559	175
4	79	632	376
4	97	785	337
4	108	930	418
4	119	1029	709
4	123	1094	518
4	164	1346	514
4	168	1350	646
4	171	1355	395
4	174	1369	601
4	176	1401	1273
4	180	1425	1361
4	192	1507	483
4	198	1605	965
4	209	1776	560
4	235	2076	1180
4	256	2206	706
4	258	2236	1084
4	262	2245	1157
4	264	2261	789
4	273	2340	1060
4	282	2390	854
4	284	2422	1078
4	307	2578	1170
4	321	2674	1074
4	325	2691	1027
4	327	2699	907
4	351	2806	886
4	353	2806	758
4	357	2834	850
4	366	2899	659
4	391	3098	98
4	393	3104	1376
4	395	3123	755
4	415	3240	936
4	422	3263	831
4	431	3300	1444
4	436	3338	1162
4	453	3421	797
4	463	3520	640
4	472	3584	1024
4	476	3615	1119
4	479	3620	868
4	490	3765	757
4	494	3777	705
4	496	3808	1120
4	520	3904	960
4	528	3947	619
4	543	4034	1922
4	546	4041	905
4	551	4155	955
4	555	4162	1346
4	562	4178	786
4	576	4273	817
4	597	4448	672
4	604	4475	891
4	622	4594	1330
4	637	4709	741
4	640	4722	1202
4	645	4747	1035
4	658	4842	342
4	662	4884	980
4	681	4996	836
4	684	4997	1349
4	691	5037	941
4	694	5051	1211
4	703	5090	802
4	706	5116	892
4	711	5127	647
4	713	5161	1129
4	717	5207	535
4	724	5243	827
4	751	5378	514
4	760	5467	667
4	769	5505	1153
4	776	5526	598
4	781	5578	970
4	796	5743	1199
4	801	5783	599
4	808	5814	1078
4	810	5815	823
4	812	5822	574
4	825	5966	846
4	845	6144	704
4	852	6176	1120
4	863	6276	708
4	892	6406	774
4	904	6446	446
4	916	6525	1213
4	921	6591	895
4	930	6640	1136
4	933	6649	1273
4	942	6666	666
4	944	6684	924
4	949	6740	740
4	960	6751	735
4	967	6893	1069
4	979	6925	781
4	987	6960	752
4	992	7006	926
4	996	7050	586
4	998	7053	1101
4	1017	7166	1278
4	1021	7177	905
4	1041	7358	1022
4	1050	7395	995
4	1059	7437	845
4	1062	7453	797
4	1074	7531	491
4	1083	7592	808
4	1085	7594	618
4	1087	7596	1068
4	1102	7696	976
4	1104	7727	227
4	1115	7810	962
4	1117	7837	733
4	1145	8040	808
4	1149	8070	774
4	1151	8071	903
4	1155	8180	692
4	1178	8338	1426
4	1180	8375	1015
4	1183	8384	832
4	1205	8551	807
4	1211	8678	1254
4	1229	8862	1246
4	1252	9133	1261
4	1256	9182	1182
4	1261	9222	1414
4	1285	9361	361
4	1301	9419	1483
4	1312	9449	1321
4	1317	9515	1451
4	1324	9531	1339
4	1337	9573	1317
4	1346	9650	1202
4	1349	9654	1078
4	1352	9662	1022
4	1357	9691	859
4	1370	9746	2066
4	1375	9836	1068
4	1378	9841	1521
4	1387	9864	968
4	1389	9880	1368
4	1391	9907	883
4	1406	10115	1027
4	1426	10174	1214
4	1430	10175	959
4	1434	10181	901
4	1441	10237	1853
4	1463	10389	789
4	1468	10437	1093
4	1475	10464	800
4	1477	10491	1083
4	1490	10617	117
4	1500	10876	1724
4	1511	10998	2294
4	1522	11099	1627
4	1526	11177	1449
4	1535	11262	1470
4	1564	11606	1494
4	1596	11732	1812
4	1599	11751	1575
4	1608	11794	1938
4	1615	11821	2285
4	1620	11857	1361
4	1623	11862	1878
4	1628	11933	1629
4	1635	11954	1394
4	1655	12013	1965
4	1664	12036	1796
4	1667	12076	1452
4	1669	12078	1390
4	1671	12082	1330
4	1682	12169	169
4	1691	12232	1416
4	1698	12276	1844
4	1707	12321	1377
4	1720	12404	1524
4	1741	12492	1484
4	1748	12527	1135
4	1750	12539	539
4	1754	12573	1373
4	1774	12732	1660
4	1779	12749	1613
4	1796	12956	1500
4	1799	12966	1382
4	1806	12985	1657
4	1817	13060	1348
4	1819	13075	2707
4	1823	13125	1477
4	1837	13240	1720
4	1841	13269	1429
4	1850	13342	2078
4	1864	13403	1435
4	1866	13409	1377
4	1870	13469	1565
4	1891	13641	1641
4	1906	13792	292
4	1913	13811	1523
4	1917	13832	2056
4	1919	13857	1761
4	1932	14056	1832
4	1941	14082	1602
4	1955	14188	1772
4	1957	14197	1845
4	1980	14337	1665
4	1982	14362	1562
4	1986	14448	2288
4	2003	14779	2043
4	2028	15101	2493
4	2057	15191	2135
4	2060	15205	2213
4	2073	15250	250
4	2075	15295	2047
4	2080	15298	2114
4	2082	15319	2391
4	2084	15327	2783
4	2093	15400	1960
4	2099	15490	2178
4	2120	15630	2126
4	2133	15859	2291
4	2135	15866	3002
4	2163	16008	2632
4	2171	16073	2249
4	2174	16111	2351
4	2176	16123	3003
4	2185	16191	2239
4	2189	16201	2505
4	2191	16223	2591
4	2198	16242	2098
4	2216	16420	2340
4	2240	16535	2327
4	2247	16564	2036
4	2270	16699	2683
4	2275	16753	2481
4	2288	16831	2495
4	2308	16941	2221
4	2314	16949	449
4	2316	16951	2359
4	2319	16952	2104
4	2334	17083	2107
4	2339	17089	2433
4	2342	17098	2314
4	2345	17100	2060
4	2352	17151	2687
4	2357	17181	3293
4	2361	17259	2859
4	2365	17308	2076
4	2374	17350	2438
4	2388	17461	2165
4	2392	17497	2329
4	2411	17595	2235
4	2420	17630	1886
4	2429	17666	1986
4	2431	17722	2234
4	2435	17767	2215
4	2453	17949	2077
4	2476	18066	2130
4	2487	18178	3074
4	2489	18184	2120
4	2496	18197	197
4	2498	18205	2397
4	2506	18280	280
4	2527	18381	2189
4	2529	18389	2965
4	2533	18467	2339
4	2554	18590	2590
4	2556	18615	2167
4	2565	18687	2303
4	2576	18788	2532
4	2592	18894	3278
4	2598	19031	2391
4	2602	19126	2614
4	2613	19219	2515
4	2627	19323	2555
4	2643	19438	2542
4	2652	19466	2890
4	2657	19504	2544
4	2665	19534	3214
4	2667	19536	36
4	2685	19738	2522
4	2721	19841	2753
4	2736	19989	2837
4	2739	20012	2476
4	2742	20024	2552
4	2747	20047	2767
4	2750	20068	3236
4	2763	20136	2408
4	2768	20184	2584
4	2775	20298	3274
4	2778	20327	2535
4	2786	20514	2658
4	2790	20603	3259
4	2793	20608	3200
4	2808	20708	2660
4	2812	20753	3089
4	2821	20810	2826
4	2852	21038	3118
4	2859	21092	2852
4	2865	21126	3126
4	2867	21159	2983
4	2874	21184	2880
4	2884	21292	292
4	2897	21502	3070
4	2901	21513	3017
4	2916	21796	3428
4	2938	22117	3493
4	2957	22202	3642
4	2966	22237	3421
4	2968	22257	3505
4	2970	22261	3381
4	2974	22310	3622
4	2993	22463	3455
4	2999	22473	3337
4	3001	22474	3530
4	3015	22643	3379
4	3040	22776	3448
4	3044	22808	3736
4	3046	22814	314
4	3055	22854	3654
4	3069	22926	3406
4	3081	23055	4943
4	3082	23055	3407
4	3096	23107	3651
4	3114	23339	3563
4	3116	23341	3501
4	3120	23405	3437
4	3126	23510	4118
4	3158	23707	3995
4	3163	23751	3527
4	3165	23752	3848
4	3172	23778	3490
4	3181	23837	3741
4	3183	23854	4270
4	3213	24023	3607
4	3215	24028	3996
4	3222	24104	3944
4	3228	24134	3654
4	3248	24389	389
4	3250	24446	3838
4	3254	24451	3907
4	3270	24590	4238
4	3290	24762	4026
4	3299	24789	4117
4	3303	24838	838
4	3310	24875	4075
4	3312	24879	3951
4	3321	24903	4039
4	3337	25041	4049
4	3348	25174	3862
4	3357	25246	4126
4	3364	25258	3754
4	3382	25453	4269
4	3386	25495	4439
4	3398	25542	4294
4	3400	25571	4195
4	3411	25703	4135
4	3420	25729	4289
4	3422	25751	3991
4	3443	25887	4191
4	3445	25894	4070
4	3454	25952	4320
4	3463	26026	4074
4	3467	26081	4001
4	3473	26108	608
4	3495	26395	4507
4	3509	26484	4340
4	3518	26537	4265
4	3525	26545	4209
4	3529	26598	4198
4	3545	26704	4240
4	3547	26720	4128
4	3565	26919	4263
4	3590	27090	4306
4	3623	27409	5201
4	3626	27420	4444
4	3631	27487	487
4	3635	27538	4434
4	3638	27546	4826
4	3643	27586	4738
4	3647	27663	4495
4	3653	27819	5291
4	3673	28054	6038
4	3684	28166	5126
4	3686	28219	4795
4	3690	28255	5343
4	3708	28446	5086
4	3710	28475	4923
4	3724	28570	5082
4	3745	28642	142
4	3751	28705	5473
4	3753	28723	5427
4	3764	28849	5041
4	3777	29026	5282
4	3786	29059	5123
4	3800	29146	5146
4	3802	29150	5278
4	3821	29194	5578
4	3826	29264	5136
4	3832	29311	5311
4	3843	29411	5091
4	3860	29725	6045
4	3876	29840	5392
4	3882	29956	5572
4	3900	30097	97
4	3902	30127	5935
4	3911	30171	5915
4	3915	30252	5740
4	3932	30427	6363
4	3947	30680	680
4	3949	30704	6128
4	3967	30890	6186
4	3976	30942	6046
4	3998	31240	6472
4	4007	31319	6679
4	4022	31646	6686
4	4031	31687	6663
4	4045	31777	6945
4	4047	31789	6701
4	4060	31937	6529
4	4087	32137	6985
4	4094	32161	6881
4	4096	32167	667
4	4100	32199	6535
4	4112	32246	6902
4	4121	32296	6760
4	4125	32332	6604
4	4139	32411	6427
4	4141	32425	6633
4	4150	32485	6885
4	4166	32599	7383
4	4173	32627	7155
4	4177	32676	6564
4	4186	32750	6574
4	4190	32801	6753
4	4197	32809	6889
4	4206	32875	6635
4	4210	32908	6604
4	4239	33046	7190
4	4243	33093	6725
4	4245	33114	6490
4	4259	33169	6481
4	4267	33225	6473
4	4276	33322	6442
4	4278	33324	324
4	4296	33494	6934
4	4300	33593	7097
4	4311	33683	7251
4	4327	33819	6683
4	4331	33865	6921
4	4347	33998	6990
4	4354	34034	7218
4	4370	34148	6948
4	4379	34191	7119
4	4392	34278	6822
4	4397	34342	6630
4	4399	34354	7090
4	4405	34436	7108
4	4412	34473	7081
4	4430	34574	74
4	4444	34624	6784
4	4446	34633	6857
4	4448	34661	7077
4	4457	34705	6737
4	4471	34766	6734
4	4475	34872	7224
4	4479	34939	7035
4	4517	35150	6734
4	4536	35318	7094
4	4541	35359	7007
4	4544	35362	7074
4	4557	35415	7319
4	4576	35574	7414
4	4581	35585	8065
4	4594	35698	6898
4	4597	35702	7030
4	4602	35730	7250
4	4617	35855	7311
4	4620	35860	7252
4	4625	35910	6854
4	4634	35985	6993
4	4644	36007	7271
4	4649	36040	7176
4	4653	36138	7018
4	4667	36174	6798
4	4669	36202	7018
4	4671	36219	6971
4	4693	36380	380
4	4695	36414	414
4	4699	36464	7536
4	4722	36617	6921
4	4731	36688	7056
4	4753	36922	7418
4	4758	36949	7125
4	4765	36986	7674
4	4769	36996	6996
4	4780	37124	7108
4	4787	37177	7097
4	4796	37220	7780
4	4798	37243	7099
4	4809	37352	7784
4	4816	37372	7164
4	4820	37391	7055
4	4827	37403	7515
4	4861	37618	7346
4	4866	37660	7708
4	4871	37717	7253
4	4873	37745	7089
4	4877	37772	7372
4	4886	37830	7238
4	4905	37943	7223
4	4922	37986	7074
4	4925	38004	504
4	4927	38010	8250
4	4931	38060	7020
4	4935	38084	7236
4	4951	38235	7451
4	4953	38247	7079
4	4976	38456	7224
4	4980	38511	7983
4	4984	38580	7284
4	4986	38584	7608
4	5009	38753	7265
4	5018	38838	7222
4	5038	38974	7294
4	5041	38975	7167
4	5048	39038	7166
4	5064	39115	7371
4	5073	39186	7634
4	5098	39367	8263
4	5101	39381	7381
4	5105	39383	7959
4	5106	39383	383
4	5124	39455	7519
4	5144	39658	7530
4	5153	39721	7657
4	5156	39724	7340
4	5161	39779	8419
4	5164	39805	7165
4	5171	39883	7627
4	5173	39926	7606
4	5177	39965	7453
4	5181	40033	7329
4	5211	40276	7444
4	5213	40301	7725
4	5224	40403	7507
4	5226	40431	7983
4	5244	40528	28
4	5256	40569	7801
4	5265	40590	7374
4	5269	40649	7561
4	5285	40802	7522
4	5294	40839	7367
4	5296	40882	7922
4	5300	40899	8707
4	5327	40985	7385
4	5336	41028	7684
4	5343	41070	8046
4	5348	41109	7573
4	5351	41111	7703
4	5358	41132	7340
4	5367	41169	8017
4	5369	41207	7479
4	5387	41346	7682
4	5394	41379	7331
4	5398	41420	7436
4	5409	41540	7236
4	5423	41618	7506
4	5427	41687	7319
4	5431	41746	7826
4	5437	41875	7699
4	5467	42080	7648
4	5476	42157	8301
4	5492	42293	7797
4	5500	42329	7641
4	5504	42379	379
4	5511	42419	8179
4	5515	42459	7835
4	5517	42470	470
4	5538	42603	7851
4	5542	42654	8094
4	5553	42783	7903
4	5571	42964	7956
4	5575	43016	7880
4	5582	43031	7767
4	5584	43065	8249
4	5600	43161	7833
4	5627	43227	8155
4	5631	43262	8318
4	5633	43262	8062
4	5650	43394	7810
4	5653	43435	7659
4	5662	43474	7634
4	5672	43510	7990
4	5680	43550	7838
4	5682	43559	59
4	5698	43652	7620
4	5700	43659	8267
4	5702	43663	8015
4	5731	43943	8039
4	5736	43994	8026
4	5738	44020	7860
4	5747	44052	8052
4	5754	44062	7838
4	5756	44070	7654
4	5765	44110	8654
4	5796	44326	8230
4	5799	44345	8057
4	5804	44371	7699
4	5808	44479	7679
4	5812	44532	8052
4	5837	44768	8032
4	5841	44838	7974
4	5843	44848	8304
4	5857	44895	8543
4	5859	44901	7781
4	5861	44908	7980
4	5872	44993	8385
4	5882	45049	7993
4	5893	45124	7876
4	5907	45234	8050
4	5917	45333	7957
4	5919	45340	340
4	5937	45547	8555
4	5941	45597	8285
4	5955	45667	8099
4	5975	45897	8457
4	5982	45935	8303
4	6002	46041	8089
4	6009	46061	7981
4	6022	46096	8208
4	6025	46122	8298
4	6034	46173	7901
4	6037	46173	8157
4	6068	46434	8098
4	6082	46550	50
4	6084	46571	9067
4	6087	46581	8373
4	6092	46608	8144
4	6105	46674	8146
4	6108	46674	8274
4	6111	46688	8544
4	6118	46701	7981
4	6120	46717	8957
4	6126	46806	9110
4	6137	46944	8288
4	6139	46946	8354
4	6154	47200	8224
4	6168	47233	8193
4	6175	47279	8111
4	6177	47295	8511
4	6190	47456	8224
4	6224	47827	8723
4	6226	47844	8996
4	6235	47881	8521
4	6242	47933	8317
4	6251	47956	8660
4	6253	47964	8284
4	6255	47969	8417
4	6290	48178	178
4	6292	48180	9268
4	6312	48259	259
4	6314	48268	8524
4	6316	48304	8432
4	6327	48417	8929
4	6334	48439	8375
4	6343	48505	9081
4	6347	48530	8722
4	6363	48686	8558
4	6365	48698	8442
4	6374	48734	8734
4	6390	48855	8663
4	6406	49005	8621
4	6415	49052	8732
4	6426	49172	8724
4	6435	49222	8518
4	6437	49277	8765
4	6459	49434	9498
4	6462	49439	8799
4	6464	49450	8490
4	6477	49578	78
4	6479	49579	8683
4	6493	49654	8822
4	6497	49702	9126
4	6516	49785	8569
4	6527	49907	9139
4	6531	49954	8866
4	6533	49964	8812
4	6537	50046	9022
4	6555	50219	8939
4	6576	50339	8867
4	6578	50355	9011
4	6594	50443	8779
4	6598	50508	8652
4	6607	50571	9163
4	6616	50685	8765
4	6627	50799	9071
4	6631	50867	9267
4	6661	50956	8972
4	6667	50958	9166
4	6670	50969	8729
4	6673	50991	9455
4	6687	51085	9037
4	6694	51135	9023
4	6698	51163	8795
4	6705	51196	8892
4	6714	51231	8671
4	6723	51290	9290
4	6732	51357	8925
4	6746	51433	8745
4	6755	51475	8531
4	6766	51587	9411
4	6773	51636	8884
4	6779	51721	8713
4	6783	51798	8726
4	6785	51820	9196
4	6803	51859	859
4	6819	51973	9477
4	6826	51985	9105
4	6828	52020	9204
4	6831	52032	8832
4	6848	52161	8897
4	6855	52188	8732
4	6862	52215	8695
4	6882	52302	9166
4	6887	52358	8710
4	6889	52402	9074
4	6893	52451	9059
4	6921	52703	8863
4	6934	52774	274
4	6939	52801	9025
4	6940	52801	8897
4	6944	52873	9161
4	6958	52967	8871
4	6969	53085	9053
4	6973	53132	8844
4	6975	53166	9198
4	6992	53446	9286
4	7022	53613	9389
4	7033	53736	9320
4	7038	53794	9442
4	7040	53808	9072
4	7044	53875	9395
4	7046	53887	9343
4	7060	53900	9228
4	7067	53927	9127
4	7090	54039	39
4	7097	54050	9442
4	7105	54106	9242
4	7114	54197	9269
4	7118	54227	227
4	7127	54308	9316
4	7131	54343	9287
4	7151	54628	11044
4	7162	54728	9608
4	7176	54804	9620
4	7185	54871	9623
4	7189	54919	9543
4	7205	55066	9498
4	7212	55101	9661
4	7223	55188	9876
4	7230	55226	9466
4	7234	55247	9423
4	7236	55252	9556
4	7256	55499	9867
4	7277	55612	9596
4	7281	55618	118
4	7283	55642	9754
4	7293	55744	10240
4	7296	55754	9546
4	7326	55928	9848
4	7331	55993	9721
4	7337	56097	9761
4	7341	56135	9991
4	7348	56156	10204
4	7350	56159	9759
4	7378	56339	9811
4	7380	56343	9687
4	7382	56375	9783
4	7386	56404	9940
4	7400	56498	9586
4	7420	56736	9952
4	7422	56748	9644
4	7431	56821	9781
4	7445	56880	9904
4	7449	56922	9626
4	7456	56939	10219
4	7465	56988	9756
4	7474	57135	10287
4	7506	57409	9921
4	7508	57426	10258
4	7510	57450	9898
4	7526	57562	9946
4	7530	57634	10274
4	7539	57703	9895
4	7548	57736	10312
4	7561	57797	797
4	7570	57886	9886
4	7596	57981	10109
4	7601	58004	10260
4	7605	58048	10048
4	7609	58051	10115
4	7611	58070	9878
4	7613	58071	10391
4	7619	58189	9933
4	7628	58261	10197
4	7658	58423	10039
4	7663	58478	10030
4	7667	58499	10371
4	7676	58679	10103
4	7682	58753	10241
4	7690	58822	322
4	7708	59035	10331
4	7726	59214	10382
4	7728	59250	10930
4	7736	59441	10481
4	7764	59632	10864
4	7766	59644	10748
4	7777	59726	10638
4	7786	59812	10532
4	7788	59831	10807
4	7824	60058	10586
4	7827	60087	10935
4	7836	60101	11461
4	7842	60134	10598
4	7849	60154	154
4	7863	60212	212
4	7865	60220	10620
4	7886	60386	10978
4	7889	60402	11186
4	7896	60495	10831
4	7898	60509	11165
4	7900	60529	10673
4	7915	60772	11044
4	7919	60843	10795
4	7933	60893	10717
4	7939	61032	11048
4	7955	61143	11031
4	7967	61171	11251
4	7981	61190	10758
4	7988	61242	10874
4	7990	61246	11006
4	8001	61316	10820
4	8003	61368	10744
4	8012	61398	10838
4	8031	61519	11215
4	8045	61576	11784
4	8047	61610	10666
4	8056	61636	10884
4	8069	61707	207
4	8076	61728	10912
4	8078	61733	10725
4	8082	61787	11099
4	8084	61807	10927
4	8107	62005	10805
4	8120	62149	11013
4	8127	62204	10876
4	8131	62218	10826
4	8158	62450	10994
4	8171	62627	10915
4	8183	62685	11165
4	8193	62722	11650
4	8196	62765	11501
4	8205	62826	11050
4	8210	62883	11299
4	8228	63001	10841
4	8233	63052	10956
4	8237	63108	11204
4	8239	63110	11078
4	8241	63118	11278
4	8256	63257	11033
4	8258	63280	280
4	8269	63385	11737
4	8290	63541	11061
4	8292	63548	11196
4	8298	63677	11389
4	8316	63815	11207
4	8345	63980	11564
4	8348	63999	11199
4	8361	64154	12186
4	8368	64158	11230
4	8371	64184	11512
4	8375	64196	11332
4	8377	64237	11181
4	8408	64416	11232
4	8417	64478	11486
4	8420	64485	11173
4	8432	64557	12013
4	8443	64653	11917
4	8448	64664	11032
4	8452	64688	11568
4	8454	64692	192
4	8463	64760	11512
4	8472	64781	11405
4	8474	64799	11295
4	8478	64864	11296
4	8496	65077	11317
4	8507	65208	11512
4	8523	65306	11482
4	8532	65383	11431
4	8535	65408	11328
4	8564	65620	11476
4	8579	65748	11540
4	8588	65810	12370
4	8591	65854	11582
4	8600	65881	11865
4	8602	65888	11888
4	8604	65918	11390
4	8615	65998	11598
4	8640	66072	11608
4	8643	66090	12202
4	8647	66119	11463
4	8649	66127	11791
4	8653	66201	11481
4	8667	66292	11700
4	8671	66312	11528
4	8699	66549	11637
4	8703	66593	593
4	8705	66608	11568
4	8711	66724	11748
4	8722	66860	11692
4	8735	66934	934
4	8739	66985	11689
4	8759	67203	12099
4	8766	67223	11991
4	8775	67293	11869
4	8789	67347	11859
4	8798	67446	12598
4	8811	67570	70
4	8813	67582	11966
4	8836	67767	12023
4	8840	67804	12124
4	8847	67829	11957
4	8849	67837	12285
4	8853	67846	12486
4	8867	67920	12112
4	8876	67982	12046
4	8885	68072	11880
4	8894	68118	11990
4	8910	68269	11949
4	8914	68309	11925
4	8947	68567	11991
4	8950	68570	12058
4	8967	68659	12211
4	8976	68682	12042
4	8979	68696	12696
4	8982	68712	12456
4	8985	68729	11705
4	8989	68752	12688
4	9011	68932	12100
4	9023	69049	11897
4	9028	69101	12141
4	9036	69133	12365
4	9040	69187	187
4	9042	69245	12157
4	9058	69333	12437
4	9075	69448	12040
4	9076	69448	12744
4	9085	69530	12250
4	9087	69558	12214
4	9096	69616	12144
4	9105	69675	11947
4	9118	69864	12264
4	9122	69939	12403
4	9133	70073	12409
4	9169	70250	12138
4	9174	70325	13109
4	9183	70372	12196
4	9192	70449	12465
4	9206	70537	12617
4	9215	70599	12551
4	9217	70605	12813
4	9235	70708	208
4	9239	70722	12866
4	9242	70725	12485
4	9251	70793	12169
4	9264	70853	12549
4	9269	70916	12548
4	9271	70942	12510
4	9282	71071	12255
4	9284	71089	12337
4	9298	71126	12182
4	9305	71162	12282
4	9309	71184	12496
4	9323	71267	12259
4	9325	71282	12786
4	9329	71328	12128
4	9360	71762	12626
4	9364	71827	12563
4	9373	71880	12424
4	9391	72019	19
4	9399	72072	72
4	9403	72157	12829
4	9431	72342	12694
4	9433	72369	12977
4	9451	72423	13863
4	9460	72484	12964
4	9479	72632	12728
4	9482	72635	12859
4	9487	72667	12699
4	9490	72691	12659
4	9509	72901	13061
4	9526	72990	13278
4	9529	72999	12903
4	9534	73033	12745
4	9537	73044	13460
4	9539	73077	14005
4	9555	73157	12613
4	9562	73214	13054
4	9573	73294	12622
4	9575	73331	12915
4	9584	73365	12757
4	9591	73388	13164
4	9593	73392	13040
4	9597	73417	13417
4	9619	73515	12779
4	9630	73606	12678
4	9647	73803	13323
4	9649	73808	12816
4	9653	73877	377
4	9661	73920	12864
4	9669	73960	12840
4	9685	74077	12765
4	9694	74124	13260
4	9708	74216	12712
4	9717	74265	13081
4	9730	74334	12702
4	9737	74367	13567
4	9742	74418	12594
4	9749	74541	13165
4	9750	74541	12781
4	9766	74641	12753
4	9768	74647	13207
4	9770	74654	13086
4	9781	74759	13063
4	9797	75007	12927
4	9815	75069	69
4	9826	75195	13947
4	9840	75249	13297
4	9853	75277	13069
4	9856	75296	12832
4	9871	75395	12995
4	9874	75409	13137
4	9876	75440	13104
4	9880	75496	12904
4	9896	75624	13608
4	9905	75680	13024
4	9925	75796	13012
4	9928	75822	12974
4	9941	75973	12933
4	9943	76015	13039
4	9957	76070	12838
4	9964	76090	12986
4	9968	76108	13964
4	9984	76237	13325
4	9990	76359	13639
4	10008	76454	13158
4	10013	76486	13126
4	10041	76578	14050
4	10046	76633	12953
4	10049	76640	13472
4	10054	76694	194
4	10056	76713	13161
4	10060	76758	13334
4	10078	76937	13193
4	10095	77023	13535
4	10100	77072	13264
4	10105	77161	13289
4	10112	77178	13178
4	10125	77229	12973
4	10128	77237	13301
4	10143	77332	13012
4	10150	77358	13230
4	10155	77416	13800
4	10166	77516	13132
4	10173	77566	12862
4	10188	77648	13008
4	10191	77656	13464
4	10193	77664	13600
4	10204	77764	13316
4	10215	77902	13390
4	10217	77923	13091
4	10249	78170	13274
4	10251	78175	13087
4	10257	78202	13242
4	10266	78266	266
4	10286	78376	13608
4	10291	78415	415
4	10298	78441	13417
4	10300	78462	13310
4	10311	78591	13119
4	10331	78677	13269
4	10334	78681	13017
4	10336	78689	13089
4	10340	78782	14206
4	10349	78828	13100
4	10367	79091	13299
4	10373	79146	13290
4	10387	79184	13968
4	10401	79268	13284
4	10403	79276	13276
4	10417	79317	13397
4	10424	79352	13304
4	10431	79388	13212
4	10455	79550	13310
4	10460	79557	14277
4	10462	79597	97
4	10471	79623	13511
4	10473	79632	13200
4	10494	79808	14464
4	10510	79851	13547
4	10513	79855	13231
4	10518	79904	13536
4	10521	79909	13029
4	10523	79926	14390
4	10529	80006	13318
4	10538	80080	13584
4	10565	80275	13523
4	10580	80389	13317
4	10583	80407	13591
4	10588	80450	13314
4	10590	80476	13276
4	10604	80546	13538
4	10606	80547	13603
4	10608	80550	13094
4	10617	80630	13302
4	10626	80691	13171
4	10628	80699	14139
4	10642	80751	13103
4	10653	80863	13599
4	10669	80969	13129
4	10679	81004	13228
4	10685	81096	13512
4	10692	81140	13428
4	10701	81179	13211
4	10710	81231	13199
4	10719	81334	13430
4	10725	81446	14054
4	10734	81533	13437
4	10768	81766	766
4	10772	81802	13386
4	10774	81827	13603
4	10788	81858	13506
4	10797	81951	13663
4	10799	81967	13807
4	10810	82111	13375
4	10828	82242	13442
4	10834	82384	13840
4	10853	82502	13638
4	10860	82514	13586
4	10868	82611	14131
4	10877	82645	13973
4	10881	82692	192
4	10897	82857	13609
4	10914	82932	13812
4	10919	82957	13581
4	10922	82981	13669
4	10924	82985	14377
4	10928	83055	13551
4	10941	83204	14148
4	10955	83291	14299
4	10966	83395	13827
4	10968	83436	13996
4	10977	83478	14294
4	10996	83540	13844
4	11009	83593	13641
4	11012	83608	13848
4	11014	83622	13542
4	11020	83724	13836
4	11036	83893	14069
4	11043	83903	13759
4	11070	84097	13697
4	11072	84128	14112
4	11076	84203	14571
4	11094	84406	14134
4	11103	84421	13957
4	11105	84476	476
4	11116	84558	14222
4	11118	84583	14375
4	11127	84637	14045
4	11156	84876	14156
4	11158	84883	883
4	11172	84955	14171
4	11174	84985	14137
4	11178	85012	13972
4	11182	85117	14461
4	11202	85367	14455
4	11216	85427	14323
4	11220	85440	14208
4	11222	85453	14925
4	11259	85737	237
4	11263	85784	14616
4	11270	85799	14375
4	11274	85847	14487
4	11288	85936	14320
4	11293	85966	14670
4	11294	85966	14414
4	11303	86057	14569
4	11312	86095	14351
4	11314	86113	14305
4	11323	86205	14269
4	11341	86352	15376
4	11343	86368	14368

