version 3
run General-4-20240513-00:14:45-20028
attr configname General
attr datetime 20240513-00:14:45
attr datetimef 20240513-001445
attr experiment General
attr inifile omnetpp.ini
attr iterationvars ""
attr iterationvarsd ""
attr iterationvarsf ""
attr measurement ""
attr network AirportControl
attr processid 20028
attr repetition 4
attr replication #4
attr resultdir results
attr runnumber 4
attr seedset 4
config network AirportControl
config repeat 10
config simtime-resolution s
config sim-time-limit 1440min
config **.PrioT_PCT.jobType 0
config **.PrioT_PCF.jobType 1
config **.PrioF_PCT.jobType 2
config **.PrioF_PCF.jobType 3
config **.PrioT_PCT.probArrival 0.04
config **.PrioT_PCF.probArrival 0.01
config **.PrioF_PCT.probArrival 0.01
config **.PrioF_PCF.probArrival 0.94
config **.PrioT_PCT.interarrivalRateRush 0.4min
config **.PrioT_PCF.interarrivalRateRush 0.4min
config **.PrioF_PCT.interarrivalRateRush 0.4min
config **.PrioF_PCF.interarrivalRateRush 0.4min
config **.PrioF_PCF.interarrivalRateNormal 1min
config **.PrioT_PCT.interarrivalRateNormal 1min
config **.PrioF_PCT.interarrivalRateNormal 1min
config **.PrioT_PCF.interarrivalRateNormal 1min
config **.PrioF_PCF.numberOfPeaks 4
config **.PrioF_PCT.numberOfPeaks 4
config **.PrioT_PCF.numberOfPeaks 4
config **.PrioT_PCT.numberOfPeaks 4
config **.PrioF_PCF.durationOfPeaks 150min
config **.PrioF_PCT.durationOfPeaks 150min
config **.PrioT_PCF.durationOfPeaks 150min
config **.PrioT_PCT.durationOfPeaks 150min
config **.PrioT_Server.serviceTime exponential(3min)
config **.PrioF_Server3.serviceTime exponential(5min)
config **.PrioF_Server2.serviceTime exponential(5min)
config **.PrioF_Server1.serviceTime exponential(5min)
config **.PrioF_Server0.serviceTime exponential(5min)
config **.NoPC_Server0.serviceTime exponential(3min)
config **.NoPC_Server3.serviceTime exponential(3min)
config **.NoPC_Server2.serviceTime exponential(3min)
config **.NoPC_Server1.serviceTime exponential(3min)
config **.PC_Server0.serviceTime exponential(1min)
config **.PC_Server1.serviceTime exponential(1min)

vector 0 AirportControl.PrioF_PQ queueLength:vector ETV
attr interpolationmode sample-hold
attr recordingmode vector
attr title "queue length"
vector 1 AirportControl.PrioT_PQ queueLength:vector ETV
attr interpolationmode sample-hold
attr recordingmode vector
attr title "queue length"
vector 2 AirportControl.NoPC_PQ queueLength:vector ETV
attr interpolationmode sample-hold
attr recordingmode vector
attr title "queue length"
vector 3 AirportControl.PC_PQ queueLength:vector ETV
attr interpolationmode sample-hold
attr recordingmode vector
attr title "queue length"
vector 4 AirportControl.sink lifeTime:vector ETV
attr interpolationmode none
attr recordingmode vector
attr title "lifetime of arrived jobs"
attr unit s
0	0	0	0
0	33	320	1
0	35	384	2
0	39	448	3
0	41	512	4
0	42	568	3
0	48	576	4
0	56	615	3
0	64	640	4
0	69	691	3
0	74	693	2
0	80	704	3
0	81	709	2
0	91	768	3
0	94	778	2
0	100	832	3
0	103	841	2
0	108	844	1
0	115	864	0
0	120	896	1
0	121	918	0
0	132	960	1
0	136	1024	2
0	137	1067	1
0	142	1070	0
0	150	1088	1
0	156	1152	2
0	157	1162	1
0	162	1176	0
0	168	1216	1
0	169	1217	0
0	181	1280	1
0	183	1344	2
0	186	1389	1
0	194	1408	2
0	195	1437	1
0	201	1472	2
0	208	1536	3
0	210	1600	4
0	212	1664	5
0	214	1728	6
0	216	1792	7
0	218	1856	8
0	225	1900	7
0	231	1920	8
0	232	1957	7
0	241	1980	6
0	247	1984	7
0	253	2048	8
0	254	2074	7
0	260	2112	8
0	261	2118	7
0	266	2129	6
0	272	2176	7
0	274	2240	8
0	275	2255	7
0	280	2282	6
0	284	2286	5
0	289	2304	6
0	291	2368	7
0	293	2432	8
0	300	2480	7
0	305	2496	8
0	311	2514	7
0	316	2515	6
0	321	2560	7
0	325	2566	6
0	341	2624	7
0	343	2688	8
0	344	2751	7
0	350	2752	8
0	351	2789	7
0	357	2816	8
0	360	2827	7
0	368	2880	8
0	371	2943	7
0	377	2944	8
0	382	3008	9
0	383	3056	8
0	389	3072	9
0	390	3095	8
0	395	3114	7
0	404	3132	6
0	410	3136	7
0	411	3140	6
0	416	3142	5
0	430	3200	6
0	435	3262	5
0	441	3264	6
0	442	3275	5
0	454	3328	6
0	455	3329	5
0	462	3372	4
0	468	3392	5
0	472	3456	6
0	473	3505	5
0	478	3507	4
0	484	3520	5
0	487	3569	4
0	492	3571	3
0	500	3584	4
0	501	3631	3
0	507	3648	4
0	509	3712	5
0	510	3776	4
0	514	3776	5
0	523	3809	4
0	529	3840	5
0	533	3904	6
0	534	3946	5
0	540	3968	6
0	541	4007	5
0	547	4032	6
0	551	4096	7
0	552	4108	6
0	560	4160	7
0	566	4224	8
0	567	4264	7
0	573	4288	8
0	574	4341	7
0	582	4352	8
0	583	4383	7
0	588	4385	6
0	594	4416	7
0	596	4480	8
0	603	4544	9
0	604	4596	8
0	612	4608	9
0	624	4672	10
0	627	4712	9
0	635	4736	10
0	637	4800	11
0	639	4864	12
0	640	4928	11
0	644	4928	12
0	647	4943	11
0	654	4977	10
0	659	4985	9
0	667	4992	10
0	670	5012	9
0	678	5056	10
0	680	5120	11
0	682	5184	12
0	683	5202	11
0	688	5222	10
0	694	5248	11
0	699	5290	10
0	705	5312	11
0	706	5331	10
0	711	5339	9
0	717	5376	10
0	721	5440	11
0	724	5455	10
0	731	5475	9
0	736	5490	8
0	742	5504	9
0	743	5525	8
0	751	5568	9
0	754	5617	8
0	760	5632	9
0	761	5652	8
0	766	5696	9
0	773	5760	10
0	775	5824	11
0	776	5834	10
0	781	5871	9
0	791	5888	10
0	792	5893	9
0	797	5906	8
0	802	5952	9
0	807	6000	10
0	811	6016	11
0	812	6072	10
0	817	6080	11
0	824	6120	10
0	829	6144	11
0	842	6201	10
0	848	6208	11
0	852	6272	12
0	862	6336	13
0	863	6391	12
0	864	6391	11
0	874	6400	12
0	877	6441	11
0	883	6464	12
0	886	6520	11
0	892	6528	12
0	898	6592	13
0	899	6633	12
0	905	6656	13
0	906	6670	12
0	912	6720	13
0	918	6784	14
0	919	6842	13
0	925	6848	14
0	926	6856	13
0	938	6912	14
0	939	6922	13
0	944	6933	12
0	954	6976	13
0	955	6988	12
0	964	7016	11
0	970	7040	12
0	971	7085	11
0	977	7104	12
0	978	7111	11
0	984	7168	12
0	986	7232	13
0	990	7296	14
0	991	7309	13
0	997	7360	14
0	1001	7424	15
0	1003	7488	16
0	1007	7507	15
0	1013	7552	16
0	1021	7616	17
0	1022	7631	16
0	1027	7632	15
0	1034	7650	14
0	1042	7680	15
0	1043	7697	14
0	1048	7708	13
0	1054	7744	14
0	1057	7808	13
0	1061	7808	14
0	1068	7818	13
0	1074	7872	14
0	1078	7936	15
0	1086	8000	16
0	1088	8064	17
0	1089	8128	16
0	1093	8128	17
0	1098	8156	16
0	1103	8185	15
0	1109	8192	16
0	1112	8230	15
0	1120	8256	16
0	1124	8320	17
0	1127	8373	16
0	1133	8384	17
0	1137	8448	18
0	1139	8512	19
0	1141	8576	20
0	1143	8640	21
0	1144	8662	20
0	1151	8682	19
0	1159	8704	20
0	1161	8768	21
0	1162	8792	20
0	1167	8804	19
0	1172	8809	18
0	1178	8832	19
0	1180	8896	20
0	1182	8960	21
0	1194	9013	20
0	1202	9024	21
0	1205	9044	20
0	1211	9088	21
0	1215	9152	22
0	1217	9216	23
0	1218	9274	22
0	1224	9280	23
0	1225	9334	22
0	1231	9344	23
0	1235	9408	24
0	1239	9472	25
0	1242	9509	24
0	1250	9536	25
0	1252	9600	26
0	1253	9603	25
0	1258	9604	24
0	1264	9664	25
0	1268	9728	26
0	1269	9769	25
0	1274	9771	24
0	1282	9792	25
0	1283	9802	24
0	1288	9854	23
0	1294	9856	24
0	1298	9920	25
0	1299	9956	24
0	1307	9984	25
0	1308	9995	24
0	1314	10048	25
0	1317	10102	24
0	1323	10112	25
0	1324	10113	24
0	1329	10176	25
0	1330	10233	24
0	1338	10240	25
0	1347	10304	26
0	1349	10368	27
0	1351	10432	28
0	1352	10435	27
0	1357	10451	26
0	1367	10496	27
0	1369	10500	26
0	1376	10511	25
0	1382	10560	26
0	1386	10624	27
0	1387	10658	26
0	1394	10676	25
0	1400	10688	26
0	1408	10752	27
0	1411	10761	26
0	1416	10790	25
0	1424	10816	26
0	1432	10880	27
0	1433	10893	26
0	1438	10921	25
0	1446	10944	26
0	1448	11008	27
0	1450	11072	28
0	1452	11136	29
0	1453	11165	28
0	1461	11200	29
0	1463	11264	30
0	1464	11323	29
0	1469	11328	28
0	1473	11328	29
0	1479	11392	30
0	1484	11452	29
0	1489	11453	28
0	1495	11456	29
0	1501	11520	30
0	1503	11584	31
0	1504	11590	30
0	1509	11628	29
0	1514	11629	28
0	1520	11648	29
0	1521	11673	28
0	1529	11712	29
0	1532	11746	28
0	1537	11747	27
0	1542	11776	28
0	1547	11840	29
0	1551	11904	30
0	1555	11968	31
0	1560	12000	32
0	1564	12032	33
0	1568	12096	34
0	1569	12141	33
0	1577	12160	34
0	1579	12224	35
0	1581	12288	36
0	1590	12352	37
0	1592	12416	38
0	1594	12480	39
0	1595	12494	38
0	1600	12504	37
0	1612	12544	38
0	1613	12556	37
0	1621	12608	38
0	1627	12672	39
0	1628	12684	38
0	1634	12736	39
0	1635	12786	38
0	1643	12800	39
0	1644	12845	38
0	1652	12864	39
0	1653	12894	38
0	1661	12928	39
0	1662	12969	38
0	1667	12988	37
0	1674	12992	38
0	1677	13056	39
0	1678	13077	38
0	1683	13090	37
0	1693	13120	38
0	1694	13128	37
0	1701	13184	38
0	1703	13189	37
0	1708	13198	36
0	1712	13203	35
0	1723	13248	36
0	1724	13269	35
0	1729	13312	36
0	1730	13353	35
0	1738	13376	36
0	1739	13381	35
0	1743	13430	34
0	1748	13440	35
0	1749	13446	34
0	1757	13504	35
0	1761	13523	34
0	1769	13568	35
0	1773	13595	34
0	1778	13632	35
0	1783	13696	36
0	1784	13714	35
0	1791	13722	34
0	1798	13748	33
0	1806	13760	34
0	1814	13824	35
0	1818	13888	36
0	1821	13921	35
0	1827	13952	36
0	1835	14016	37
0	1836	14035	36
0	1843	14065	35
0	1849	14080	36
0	1852	14127	35
0	1858	14144	36
0	1865	14181	35
0	1873	14208	36
0	1874	14260	35
0	1880	14272	36
0	1881	14276	35
0	1891	14336	36
0	1893	14400	37
0	1895	14464	38
0	1897	14528	39
0	1899	14592	40
0	1900	14656	39
0	1904	14656	40
0	1907	14687	39
0	1913	14720	40
0	1918	14780	39
0	1924	14784	40
0	1927	14837	39
0	1933	14848	40
0	1934	14863	39
0	1939	14875	38
0	1944	14876	37
0	1952	14912	38
0	1953	14955	37
0	1958	14976	38
0	1959	14997	37
0	1966	15005	36
0	1970	15023	35
0	1981	15040	36
0	1982	15046	35
0	1986	15049	34
0	1991	15104	35
0	1998	15124	34
0	2011	15137	33
0	2018	15158	32
0	2023	15168	33
0	2034	15232	34
0	2042	15296	35
0	2044	15360	36
0	2045	15412	35
0	2051	15424	36
0	2053	15488	37
0	2055	15552	38
0	2057	15616	39
0	2058	15627	38
0	2066	15680	39
0	2070	15744	40
0	2072	15808	41
0	2074	15872	42
0	2077	15912	41
0	2083	15936	42
0	2084	15974	41
0	2092	16000	42
0	2093	16054	41
0	2099	16064	42
0	2103	16128	43
0	2104	16137	42
0	2112	16192	43
0	2114	16256	44
0	2116	16320	45
0	2117	16374	44
0	2125	16384	45
0	2127	16448	46
0	2132	16512	47
0	2133	16571	46
0	2139	16576	47
0	2143	16640	48
0	2153	16704	49
0	2154	16719	48
0	2160	16768	49
0	2162	16832	50
0	2165	16891	49
0	2171	16896	50
0	2173	16960	51
0	2174	16976	50
0	2179	16977	49
0	2185	17024	50
0	2186	17030	49
0	2191	17069	48
0	2195	17075	47
0	2200	17088	48
0	2201	17148	47
0	2206	17152	48
0	2216	17188	47
0	2221	17216	48
0	2227	17234	47
0	2232	17235	46
0	2236	17247	45
0	2241	17280	46
0	2245	17308	45
0	2255	17333	44
0	2260	17344	45
0	2267	17408	46
0	2273	17472	47
0	2274	17494	46
0	2280	17536	47
0	2281	17537	46
0	2288	17563	45
0	2294	17600	46
0	2295	17614	45
0	2300	17636	44
0	2305	17664	45
0	2306	17669	44
0	2311	17728	45
0	2312	17782	44
0	2319	17785	43
0	2324	17792	44
0	2332	17856	45
0	2336	17919	44
0	2341	17920	45
0	2342	17924	44
0	2346	17947	43
0	2351	17984	44
0	2359	18000	45
0	2364	18048	46
0	2380	18112	47
0	2385	18154	46
0	2393	18176	47
0	2403	18240	48
0	2405	18304	49
0	2407	18368	50
0	2408	18409	49
0	2413	18421	48
0	2418	18425	47
0	2424	18432	48
0	2430	18496	49
0	2432	18560	50
0	2433	18606	49
0	2439	18624	50
0	2440	18684	49
0	2446	18688	50
0	2449	18708	49
0	2454	18730	48
0	2459	18736	47
0	2464	18752	48
0	2465	18773	47
0	2470	18816	48
0	2474	18851	47
0	2479	18880	48
0	2483	18899	47
0	2494	18944	48
0	2495	18947	47
0	2504	18999	46
0	2510	19008	47
0	2514	19072	48
0	2517	19121	47
0	2523	19136	48
0	2524	19142	47
0	2531	19179	46
0	2537	19200	47
0	2541	19264	48
0	2542	19274	47
0	2547	19279	46
0	2555	19328	47
0	2556	19329	46
0	2560	19358	45
0	2568	19392	46
0	2574	19415	45
0	2580	19456	46
0	2589	19520	47
0	2590	19527	46
0	2596	19584	47
0	2597	19587	46
0	2603	19648	47
0	2609	19712	48
0	2610	19730	47
0	2618	19776	48
0	2620	19840	49
0	2630	19904	50
0	2631	19941	49
0	2639	19968	50
0	2642	19992	49
0	2647	19998	48
0	2653	20032	49
0	2654	20043	48
0	2660	20096	49
0	2661	20160	48
0	2665	20160	49
0	2670	20209	48
0	2676	20224	49
0	2677	20247	48
0	2681	20286	47
0	2686	20288	48
0	2694	20352	49
0	2695	20359	48
0	2700	20416	49
0	2702	20480	50
0	2703	20537	49
0	2708	20544	50
0	2709	20568	49
0	2714	20608	50
0	2716	20672	51
0	2717	20683	50
0	2721	20698	49
0	2725	20704	48
0	2733	20736	49
0	2741	20800	50
0	2753	20847	49
0	2761	20864	50
0	2762	20896	49
0	2770	20928	50
0	2774	20992	51
0	2778	21004	50
0	2787	21031	49
0	2793	21056	50
0	2794	21091	49
0	2804	21120	50
0	2810	21184	51
0	2811	21186	50
0	2821	21248	51
0	2825	21312	52
0	2826	21354	51
0	2832	21376	52
0	2833	21380	51
0	2841	21440	52
0	2843	21504	53
0	2847	21568	54
0	2849	21632	55
0	2850	21661	54
0	2856	21696	55
0	2859	21757	54
0	2865	21760	55
0	2867	21824	56
0	2869	21888	57
0	2872	21910	56
0	2880	21952	57
0	2881	21987	56
0	2887	22016	57
0	2888	22025	56
0	2894	22080	57
0	2900	22144	58
0	2901	22164	57
0	2906	22184	56
0	2912	22208	57
0	2913	22221	56
0	2920	22241	55
0	2926	22272	56
0	2927	22281	55
0	2932	22289	54
0	2942	22336	55
0	2944	22400	56
0	2945	22458	55
0	2951	22464	56
0	2955	22502	55
0	2964	22528	56
0	2965	22537	55
0	2974	22589	54
0	2979	22592	55
0	2983	22641	54
0	2991	22656	55
0	2995	22685	54
0	2999	22696	53
0	3007	22720	54
0	3013	22735	53
0	3023	22784	54
0	3024	22844	53
0	3030	22848	54
0	3031	22864	53
0	3036	22891	52
0	3041	22912	53
0	3042	22913	52
0	3047	22976	53
0	3057	23040	54
0	3058	23065	53
0	3068	23104	54
0	3070	23168	55
0	3074	23232	56
0	3076	23296	57
0	3078	23360	58
0	3080	23424	59
0	3081	23430	58
0	3089	23488	59
0	3091	23552	60
0	3093	23616	61
0	3097	23680	62
0	3099	23744	63
0	3100	23776	62
0	3105	23782	61
0	3111	23808	62
0	3113	23872	63
0	3117	23936	64
0	3118	23984	63
0	3128	24000	64
0	3130	24000	65
0	3136	24037	64
0	3142	24064	65
0	3144	24128	66
0	3147	24148	65
0	3152	24174	64
0	3158	24192	65
0	3162	24256	66
0	3163	24306	65
0	3168	24316	64
0	3174	24320	65
0	3185	24384	66
0	3186	24408	65
0	3194	24448	66
0	3203	24508	65
0	3209	24512	66
0	3212	24533	65
0	3218	24576	66
0	3221	24609	65
0	3227	24640	66
0	3233	24704	67
0	3234	24736	66
0	3240	24768	67
0	3242	24832	68
0	3243	24891	67
0	3251	24896	68
0	3253	24960	69
0	3254	24976	68
0	3259	24979	67
0	3267	25024	68
0	3268	25027	67
0	3273	25046	66
0	3279	25088	67
0	3281	25152	68
0	3285	25216	69
0	3287	25280	70
0	3288	25340	69
0	3294	25344	70
0	3297	25360	69
0	3305	25408	70
0	3307	25472	71
0	3308	25481	70
0	3316	25504	69
0	3320	25525	68
0	3325	25536	69
0	3326	25540	68
0	3327	25540	67
0	3334	25576	66
0	3345	25600	67
0	3346	25607	66
0	3358	25664	67
0	3362	25728	68
0	3370	25792	69
0	3374	25805	68
0	3378	25825	67
0	3386	25856	68
0	3387	25890	67
0	3392	25920	68
0	3402	25984	69
0	3406	26048	70
0	3410	26112	71
0	3411	26117	70
0	3419	26176	71
0	3421	26240	72
0	3424	26284	71
0	3430	26304	72
0	3431	26326	71
0	3439	26368	72
0	3440	26381	71
0	3448	26432	72
0	3452	26496	73
0	3453	26498	72
0	3459	26560	73
0	3463	26624	74
0	3465	26688	75
0	3467	26752	76
0	3468	26754	75
0	3473	26762	74
0	3479	26816	75
0	3481	26880	76
0	3482	26885	75
0	3487	26902	74
0	3493	26944	75
0	3504	27008	76
0	3507	27038	75
0	3513	27072	76
0	3514	27073	75
0	3524	27136	76
0	3530	27200	77
0	3531	27258	76
0	3537	27264	77
0	3539	27328	78
0	3542	27373	77
0	3548	27392	78
0	3549	27403	77
0	3557	27456	78
0	3561	27520	79
0	3562	27547	78
0	3567	27565	77
0	3573	27584	78
0	3579	27648	79
0	3580	27675	78
0	3586	27712	79
0	3588	27776	80
0	3589	27786	79
0	3595	27840	80
0	3596	27843	79
0	3606	27904	80
0	3607	27905	79
0	3613	27968	80
0	3614	28004	79
0	3619	28007	78
0	3623	28030	77
0	3628	28032	78
0	3633	28096	79
0	3637	28109	78
0	3645	28160	79
0	3646	28179	78
0	3650	28183	77
0	3658	28224	78
0	3667	28288	79
0	3668	28300	78
0	3673	28319	77
0	3681	28352	78
0	3685	28416	79
0	3686	28439	78
0	3694	28480	79
0	3700	28530	78
0	3706	28544	79
0	3707	28565	78
0	3713	28608	79
0	3714	28658	78
0	3720	28672	79
0	3722	28736	80
0	3726	28800	81
0	3732	28864	82
0	3736	28928	83
0	3737	28938	82
0	3742	28939	81
0	3747	28987	80
0	3753	28992	81
0	3757	29056	82
0	3760	29094	81
0	3772	29120	82
0	3776	29184	83
0	3778	29248	84
0	3779	29295	83
0	3784	29311	82
0	3790	29312	83
0	3793	29316	82
0	3803	29376	83
0	3805	29440	84
0	3808	29451	83
0	3815	29478	82
0	3820	29490	81
0	3826	29504	82
0	3827	29509	81
0	3832	29512	80
0	3840	29568	81
0	3842	29632	82
0	3850	29696	83
0	3851	29709	82
0	3857	29760	83
0	3859	29824	84
0	3860	29825	83
0	3868	29888	84
0	3869	29947	83
0	3875	29952	84
0	3876	29963	83
0	3887	30000	84
0	3893	30016	85
0	3894	30025	84
0	3901	30051	83
0	3906	30069	82
0	3917	30080	83
0	3919	30144	84
0	3925	30208	85
0	3931	30272	86
0	3932	30289	85
0	3937	30309	84
0	3944	30336	85
0	3946	30389	84
0	3952	30400	85
0	3958	30464	86
0	3961	30491	85
0	3971	30528	86
0	3973	30592	87
0	3974	30606	86
0	3982	30656	87
0	3983	30686	86
0	3988	30701	85
0	3996	30720	86
0	3998	30784	87
0	3999	30804	86
0	4005	30848	87
0	4008	30860	86
0	4014	30912	87
0	4015	30920	86
0	4023	30976	87
0	4026	30990	86
0	4031	31018	85
0	4041	31040	86
0	4042	31102	85
0	4048	31104	86
0	4051	31128	85
0	4057	31168	86
0	4058	31213	85
0	4065	31221	84
0	4073	31232	85
0	4077	31296	86
0	4078	31300	85
0	4083	31354	84
0	4089	31360	85
0	4095	31424	86
0	4097	31488	87
0	4108	31552	88
0	4110	31616	89
0	4116	31680	90
0	4118	31744	91
0	4119	31754	90
0	4124	31767	89
0	4130	31808	90
0	4131	31847	89
0	4136	31856	88
0	4144	31872	89
0	4146	31936	90
0	4149	31982	89
0	4155	32000	90
0	4158	32023	89
0	4164	32064	90
0	4167	32075	89
0	4172	32123	88
0	4178	32128	89
0	4184	32192	90
0	4187	32215	89
0	4192	32228	88
0	4198	32256	89
0	4199	32280	88
0	4207	32320	89
0	4208	32337	88
0	4215	32344	87
0	4223	32384	88
0	4225	32448	89
0	4230	32508	88
0	4236	32512	89
0	4237	32522	88
0	4242	32566	87
0	4248	32576	88
0	4254	32640	89
0	4256	32704	90
0	4257	32705	89
0	4265	32768	90
0	4266	32779	89
0	4272	32832	90
0	4273	32868	89
0	4278	32885	88
0	4283	32896	89
0	4288	32960	90
0	4295	33024	91
0	4296	33048	90
0	4309	33075	89
0	4315	33088	90
0	4316	33149	89
0	4324	33152	90
0	4328	33216	91
0	4332	33280	92
0	4336	33344	93
0	4337	33360	92
0	4342	33403	91
0	4348	33408	92
0	4354	33472	93
0	4355	33510	92
0	4363	33536	93
0	4364	33598	92
0	4370	33600	93
0	4371	33616	92
0	4376	33630	91
0	4384	33664	92
0	4386	33728	93
0	4390	33792	94
0	4393	33799	93
0	4398	33800	92
0	4404	33856	93
0	4410	33920	94
0	4411	33946	93
0	4417	33984	94
0	4418	34005	93
0	4423	34021	92
0	4428	34044	91
0	4433	34048	92
0	4437	34108	91
0	4445	34112	92
0	4447	34176	93
0	4451	34240	94
0	4454	34247	93
0	4460	34304	94
0	4462	34368	95
0	4466	34432	96
0	4467	34444	95
0	4479	34496	96
0	4483	34519	95
0	4489	34560	96
0	4491	34624	97
0	4495	34688	98
0	4496	34714	97
0	4508	34752	98
0	4509	34778	97
0	4515	34816	98
0	4516	34856	97
0	4522	34880	98
0	4524	34944	99
0	4528	35008	100
0	4531	35042	99
0	4537	35072	100
0	4540	35106	99
0	4546	35136	100
0	4547	35145	99
0	4555	35200	100
0	4557	35264	101
0	4563	35328	102
0	4565	35392	103
0	4566	35428	102
0	4572	35456	103
0	4576	35520	104
0	4578	35584	105
0	4579	35587	104
0	4586	35648	103
0	4590	35648	104
0	4593	35654	103
0	4599	35712	104
0	4600	35762	103
0	4608	35776	104
0	4609	35829	103
0	4615	35840	104
0	4617	35904	105
0	4618	35930	104
0	4625	35945	103
0	4631	35968	104
0	4632	35981	103
0	4640	36000	104
0	4644	36032	105
0	4645	36078	104
0	4650	36096	105
0	4655	36160	106
0	4659	36211	105
0	4664	36224	106
0	4665	36256	105
0	4670	36288	106
0	4675	36328	105
0	4679	36334	104
0	4687	36352	105
0	4699	36416	106
0	4700	36438	105
0	4704	36449	104
0	4709	36480	105
0	4711	36544	106
0	4715	36608	105
0	4719	36608	106
0	4725	36672	107
0	4738	36736	108
0	4743	36800	107
0	4747	36800	108
0	4755	36864	109
0	4756	36894	108
0	4764	36928	109
0	4768	36992	110
0	4770	37056	111
0	4771	37073	110
0	4777	37120	111
0	4780	37181	110
0	4786	37184	111
0	4790	37248	112
0	4792	37312	113
0	4794	37376	114
0	4796	37440	115
0	4801	37504	116
0	4802	37512	115
0	4808	37568	116
0	4812	37632	117
0	4813	37641	116
0	4819	37696	117
0	4823	37760	118
0	4824	37791	117
0	4829	37818	116
0	4835	37824	117
0	4837	37888	118
0	4843	37952	119
0	4851	38016	120
0	4853	38080	121
0	4854	38081	120
0	4859	38093	119
0	4865	38144	120
0	4866	38146	119
0	4873	38187	118
0	4878	38207	117
0	4884	38208	118
0	4885	38226	117
0	4890	38272	118
0	4891	38294	117
0	4896	38336	118
0	4897	38368	117
0	4901	38369	116
0	4905	38389	115
0	4913	38400	116
0	4914	38407	115
0	4918	38409	114
0	4923	38464	115
0	4931	38528	116
0	4932	38550	115
0	4936	38556	114
0	4944	38592	115
0	4945	38653	114
0	4953	38656	115
0	4967	38720	116
0	4968	38741	115
0	4972	38744	114
0	4977	38784	115
0	4978	38812	114
0	4986	38848	115
0	4987	38878	114
0	4992	38912	115
0	4993	38920	114
0	4997	38963	113
0	5002	38976	114
0	5013	39040	115
0	5018	39104	116
0	5022	39168	115
0	5026	39168	116
0	5031	39204	115
0	5039	39232	116
0	5041	39296	117
0	5045	39314	116
0	5054	39360	117
0	5055	39403	116
0	5060	39424	117
0	5067	39488	118
0	5074	39516	117
0	5084	39552	118
0	5085	39574	117
0	5090	39587	116
0	5094	39587	115
0	5099	39616	116
0	5103	39644	115
0	5110	39660	114
0	5115	39680	115
0	5120	39744	116
0	5121	39791	115
0	5126	39808	116
0	5130	39857	115
0	5138	39872	116
0	5139	39892	115
0	5146	39914	114
0	5151	39936	115
0	5152	39981	114
0	5157	40000	115
0	5159	40064	116
0	5160	40097	115
0	5165	40128	116
0	5166	40163	115
0	5170	40182	114
0	5175	40192	115
0	5176	40219	114
0	5181	40256	115
0	5186	40320	116
0	5194	40384	117
0	5198	40427	116
0	5203	40448	117
0	5214	40512	118
0	5216	40576	119
0	5220	40603	118
0	5231	40627	117
0	5239	40640	118
0	5243	40704	119
0	5244	40713	118
0	5248	40730	117
0	5255	40748	116
0	5259	40762	115
0	5263	40768	114
0	5267	40768	115
0	5269	40782	114
0	5280	40832	115
0	5281	40838	114
0	5291	40874	113
0	5299	40896	114
0	5300	40956	113
0	5305	40960	114
0	5309	40979	113
0	5314	41024	114
0	5316	41088	115
0	5317	41099	114
0	5322	41152	115
0	5327	41216	116
0	5332	41280	117
0	5337	41344	118
0	5341	41396	117
0	5346	41408	118
0	5347	41412	117
0	5354	41433	116
0	5362	41472	117
0	5364	41536	118
0	5366	41600	119
0	5367	41613	118
0	5372	41664	119
0	5383	41728	120
0	5386	41746	119
0	5391	41782	118
0	5396	41792	119
0	5398	41856	120
0	5404	41901	119
0	5412	41920	120
0	5413	41938	119
0	5423	41984	120
0	5424	41985	119
0	5433	42000	120
0	5437	42048	121
0	5438	42052	120
0	5448	42112	121
0	5454	42164	120
0	5460	42176	121
0	5466	42240	122
0	5468	42304	123
0	5470	42368	124
0	5480	42432	125
0	5481	42438	124
0	5487	42496	125
0	5492	42548	124
0	5500	42560	125
0	5501	42568	124
0	5506	42580	123
0	5507	42580	122
0	5518	42604	121
0	5524	42624	122
0	5526	42688	123
0	5528	42752	124
0	5529	42757	123
0	5539	42816	124
0	5540	42833	123
0	5550	42880	124
0	5551	42898	123
0	5556	42937	122
0	5562	42944	123
0	5564	43008	124
0	5568	43072	125
0	5569	43085	124
0	5574	43115	123
0	5582	43136	124
0	5583	43190	123
0	5591	43200	124
0	5592	43241	123
0	5598	43264	124
0	5601	43281	123
0	5606	43294	122
0	5610	43318	121
0	5614	43327	120
0	5619	43328	121
0	5620	43377	120
0	5624	43381	119
0	5629	43392	120
0	5630	43452	119
0	5635	43456	120
0	5640	43520	121
0	5649	43574	120
0	5656	43584	121
0	5663	43648	122
0	5665	43712	123
0	5670	43776	124
0	5675	43840	125
0	5685	43904	126
0	5688	43914	125
0	5693	43916	124
0	5700	43942	123
0	5705	43949	122
0	5713	43968	123
0	5719	44032	124
0	5721	44096	125
0	5722	44105	124
0	5730	44160	125
0	5731	44222	124
0	5737	44224	125
0	5740	44244	124
0	5747	44271	123
0	5753	44288	124
0	5754	44324	123
0	5759	44325	122
0	5771	44352	123
0	5775	44416	124
0	5778	44479	123
0	5784	44480	124
0	5785	44539	123
0	5791	44544	124
0	5795	44608	125
0	5796	44672	124
0	5800	44672	125
0	5803	44686	124
0	5808	44710	123
0	5816	44736	124
0	5817	44757	123
0	5824	44776	122
0	5829	44779	121
0	5839	44800	122
0	5845	44864	123
0	5847	44928	124
0	5850	44967	123
0	5856	44992	124
0	5864	45015	123
0	5865	45015	122
0	5877	45056	123
0	5878	45057	122
0	5883	45060	121
0	5891	45120	122
0	5892	45169	121
0	5900	45184	122
0	5905	45217	121
0	5913	45248	122
0	5914	45255	121
0	5922	45312	122
0	5923	45348	121
0	5929	45376	122
0	5935	45440	123
0	5939	45504	124
0	5940	45563	123
0	5946	45568	124
0	5950	45632	125
0	5951	45667	124
0	5957	45696	125
0	5958	45717	124
0	5964	45760	125
0	5966	45824	126
0	5968	45888	127
0	5972	45952	128
0	5973	45970	127
0	5978	45974	126
0	5983	46014	125
0	5989	46016	126
0	5994	46079	125
0	6000	46080	126
0	6001	46086	125
0	6011	46144	126
0	6015	46208	127
0	6019	46272	128
0	6020	46292	127
0	6025	46297	126
0	6033	46336	127
0	6034	46389	126
0	6039	46393	125
0	6045	46400	126
0	6051	46464	127
0	6060	46528	128
0	6063	46567	127
0	6071	46592	128
0	6072	46633	127
0	6078	46656	128
0	6082	46720	129
0	6083	46727	128
0	6088	46741	127
0	6094	46784	128
0	6095	46799	127
0	6101	46848	128
0	6104	46858	127
0	6111	46880	126
0	6119	46912	127
0	6120	46928	126
0	6125	46938	125
0	6134	46952	124
0	6140	46976	125
0	6143	47004	124
0	6151	47040	125
0	6153	47104	126
0	6156	47141	125
0	6161	47162	124
0	6167	47168	125
0	6171	47232	126
0	6172	47284	125
0	6180	47296	126
0	6181	47336	125
0	6189	47360	126
0	6194	47417	125
0	6200	47424	126
0	6204	47488	127
0	6205	47531	126
0	6211	47552	127
0	6212	47603	126
0	6218	47616	127
0	6224	47680	128
0	6225	47693	127
0	6230	47708	126
0	6235	47712	125
0	6242	47736	124
0	6250	47744	125
0	6256	47808	126
0	6258	47872	127
0	6259	47884	126
0	6265	47936	127
0	6271	48000	128
0	6273	48000	129
0	6276	48064	130
0	6277	48068	129
0	6285	48128	130
0	6286	48139	129
0	6293	48165	128
0	6299	48192	129
0	6303	48256	130
0	6312	48320	131
0	6317	48369	130
0	6322	48374	129
0	6328	48384	130
0	6332	48448	131
0	6337	48496	130
0	6343	48512	131
0	6351	48576	132
0	6352	48613	131
0	6358	48640	132
0	6362	48704	133
0	6364	48768	134
0	6366	48832	135
0	6367	48837	134
0	6372	48874	133
0	6378	48896	134
0	6380	48960	135
0	6381	49008	134
0	6387	49024	135
0	6390	49036	134
0	6398	49088	135
0	6401	49143	134
0	6407	49152	135
0	6408	49188	134
0	6416	49216	135
0	6417	49229	134
0	6423	49280	135
0	6424	49284	134
0	6431	49311	133
0	6439	49344	134
0	6440	49375	133
0	6445	49381	132
0	6450	49408	133
0	6455	49472	134
0	6466	49536	135
0	6467	49540	134
0	6474	49555	133
0	6486	49600	134
0	6490	49664	135
0	6491	49715	134
0	6497	49728	135
0	6498	49780	134
0	6506	49792	135
0	6507	49840	134
0	6517	49856	135
0	6520	49901	134
0	6526	49920	135
0	6527	49971	134
0	6533	49984	135
0	6534	49991	134
0	6539	50033	133
0	6547	50048	134
0	6548	50092	133
0	6554	50112	134
0	6555	50120	133
0	6559	50133	132
0	6571	50172	131
0	6572	50172	130
0	6584	50176	131
0	6585	50179	130
0	6594	50228	129
0	6600	50240	130
0	6604	50304	131
0	6607	50333	130
0	6612	50360	129
0	6618	50368	130
0	6619	50417	129
0	6625	50432	130
0	6631	50496	131
0	6637	50560	132
0	6639	50624	133
0	6641	50688	134
0	6642	50689	133
0	6649	50709	132
0	6656	50737	131
0	6662	50752	132
0	6664	50816	133
0	6667	50834	132
0	6673	50880	133
0	6677	50944	134
0	6678	50973	133
0	6689	51008	134
0	6693	51072	135
0	6694	51124	134
0	6699	51129	133
0	6705	51136	134
0	6707	51200	135
0	6715	51264	136
0	6716	51306	135
0	6724	51328	136
0	6725	51370	135
0	6733	51392	136
0	6734	51403	135
0	6742	51456	136
0	6743	51474	135
0	6749	51520	136
0	6753	51584	137
0	6754	51592	136
0	6764	51648	137
0	6768	51712	138
0	6769	51724	137
0	6775	51776	138
0	6776	51805	137
0	6783	51811	136
0	6789	51840	137
0	6790	51848	136
0	6795	51903	135
0	6801	51904	136
0	6802	51962	135
0	6807	51968	136
0	6814	52032	137
0	6820	52096	138
0	6822	52160	139
0	6823	52193	138
0	6828	52212	137
0	6833	52223	136
0	6839	52224	137
0	6845	52288	138
0	6846	52338	137
0	6852	52352	138
0	6853	52361	137
0	6858	52384	136
0	6866	52416	137
0	6867	52422	136
0	6878	52474	135
0	6884	52480	136
0	6893	52544	137
0	6901	52608	138
0	6902	52626	137
0	6907	52639	136
0	6913	52672	137
0	6919	52736	138
0	6920	52759	137
0	6926	52800	138
0	6927	52801	137
0	6932	52833	136
0	6938	52864	137
0	6939	52871	136
0	6946	52909	135
0	6951	52928	136
0	6952	52953	135
0	6956	52986	134
0	6961	52992	135
0	6963	53056	136
0	6964	53086	135
0	6969	53120	136
0	6983	53184	137
0	6987	53248	138
0	6988	53259	137
0	6996	53312	138
0	6997	53321	137
0	7005	53376	138
0	7006	53432	137
0	7012	53440	138
0	7014	53504	139
0	7015	53553	138
0	7020	53568	139
0	7025	53632	140
0	7027	53696	141
0	7028	53703	140
0	7032	53719	139
0	7043	53760	140
0	7049	53824	141
0	7050	53843	140
0	7056	53844	139
0	7063	53888	140
0	7067	53952	141
0	7068	53995	140
0	7077	54000	141
0	7081	54016	142
0	7084	54028	141
0	7096	54076	140
0	7102	54080	141
0	7105	54117	140
0	7117	54144	141
0	7125	54208	142
0	7129	54272	143
0	7130	54325	142
0	7136	54336	143
0	7138	54400	144
0	7139	54436	143
0	7145	54464	144
0	7147	54528	145
0	7149	54592	146
0	7150	54618	145
0	7158	54656	146
0	7159	54713	145
0	7167	54720	144
0	7168	54720	145
0	7173	54769	144
0	7179	54784	145
0	7180	54809	144
0	7185	54848	145
0	7186	54856	144
0	7190	54912	143
0	7194	54912	144
0	7197	54976	145
0	7201	55031	144
0	7206	55040	145
0	7207	55047	144
0	7211	55099	143
0	7216	55104	144
0	7217	55127	143
0	7221	55157	142
0	7229	55168	143
0	7230	55186	142
0	7238	55232	143
0	7242	55247	142
0	7247	55296	143
0	7248	55347	142
0	7253	55360	143
0	7254	55391	142
0	7268	55424	143
0	7282	55488	144
0	7286	55540	143
0	7287	55540	142
0	7295	55552	143
0	7296	55559	142
0	7300	55609	141
0	7311	55616	140
0	7312	55616	141
0	7329	55680	142
0	7330	55689	141
0	7335	55744	142
0	7336	55767	141
0	7340	55770	140
0	7348	55808	141
0	7353	55872	142
0	7354	55879	141
0	7358	55885	140
0	7366	55890	139
0	7371	55936	140
0	7374	55974	139
0	7378	55997	138
0	7383	56000	139
0	7387	56053	138
0	7392	56064	139
0	7396	56084	138
0	7401	56128	139
0	7409	56192	140
0	7417	56256	141
0	7422	56320	142
0	7423	56353	141
0	7431	56384	142
0	7432	56412	141
0	7436	56429	140
0	7447	56448	141
0	7449	56512	142
0	7451	56576	143
0	7455	56599	142
0	7460	56640	143
0	7464	56692	142
0	7469	56704	143
0	7473	56763	142
0	7478	56768	143
0	7483	56832	144
0	7484	56858	143
0	7488	56870	142
0	7493	56896	143
0	7497	56934	142
0	7508	56960	143
0	7514	57003	142
0	7524	57024	143
0	7527	57068	142
0	7535	57088	143
0	7545	57152	144
0	7547	57216	145
0	7548	57256	144
0	7556	57280	145
0	7558	57344	146
0	7560	57408	147
0	7561	57423	146
0	7566	57430	145
0	7572	57472	146
0	7576	57536	147
0	7577	57547	146
0	7582	57582	145
0	7588	57600	146
0	7592	57664	147
0	7593	57671	146
0	7603	57728	147
0	7607	57792	148
0	7609	57856	149
0	7610	57878	148
0	7616	57920	149
0	7617	57967	148
0	7625	57984	149
0	7627	58048	150
0	7631	58112	151
0	7632	58120	150
0	7638	58176	151
0	7641	58202	150
0	7646	58224	149
0	7652	58240	148
0	7653	58240	149
0	7665	58304	150
0	7667	58368	151
0	7668	58372	150
0	7673	58381	149
0	7678	58425	148
0	7684	58432	149
0	7688	58496	150
0	7692	58505	149
0	7698	58560	150
0	7700	58624	151
0	7710	58688	152
0	7716	58752	153
0	7717	58800	152
0	7725	58816	153
0	7726	58827	152
0	7731	58862	151
0	7737	58880	152
0	7741	58944	153
0	7742	58988	152
0	7748	59008	153
0	7752	59072	154
0	7753	59084	153
0	7758	59093	152
0	7766	59136	153
0	7767	59172	152
0	7773	59200	153
0	7774	59232	152
0	7781	59262	151
0	7786	59264	150
0	7790	59264	151
0	7800	59328	152
0	7802	59392	153
0	7803	59406	152
0	7809	59456	153
0	7812	59483	152
0	7818	59520	153
0	7819	59546	152
0	7827	59584	153
0	7828	59606	152
0	7833	59641	151
0	7838	59648	152
0	7843	59712	153
0	7847	59776	154
0	7849	59840	155
0	7850	59853	154
0	7855	59856	153
0	7865	59904	154
0	7869	59968	155
0	7874	60000	156
0	7880	60032	157
0	7882	60096	158
0	7884	60160	159
0	7886	60224	160
0	7887	60235	159
0	7893	60288	160
0	7894	60316	159
0	7899	60333	158
0	7905	60352	159
0	7907	60416	160
0	7910	60459	159
0	7916	60480	160
0	7923	60509	159
0	7928	60515	158
0	7933	60531	157
0	7939	60544	158
0	7940	60567	157
0	7944	60579	156
0	7949	60608	157
0	7950	60614	156
0	7958	60672	157
0	7962	60692	156
0	7966	60728	155
0	7971	60736	156
0	7976	60800	157
0	7980	60812	156
0	7987	60827	155
0	7995	60864	156
0	8001	60928	157
0	8006	60992	158
0	8007	61007	157
0	8015	61056	158
0	8020	61120	159
0	8025	61158	158
0	8035	61184	159
0	8038	61196	158
0	8048	61248	159
0	8049	61250	158
0	8054	61310	157
0	8060	61312	158
0	8061	61323	157
0	8066	61376	158
0	8070	61425	157
0	8074	61432	156
0	8079	61440	157
0	8090	61504	158
0	8091	61524	157
0	8098	61546	156
0	8103	61568	157
0	8104	61628	156
0	8109	61632	157
0	8110	61637	156
0	8117	61666	155
0	8125	61696	156
0	8126	61705	155
0	8130	61735	154
0	8139	61760	155
0	8149	61824	156
0	8150	61828	155
0	8154	61860	154
0	8168	61888	155
0	8170	61952	156
0	8177	62016	157
0	8178	62050	156
0	8184	62080	157
0	8190	62144	158
0	8191	62180	157
0	8197	62208	158
0	8198	62248	157
0	8204	62272	158
0	8209	62336	157
0	8213	62336	158
0	8217	62400	159
0	8220	62405	158
0	8226	62464	159
0	8232	62528	160
0	8236	62592	161
0	8237	62650	160
0	8243	62656	161
0	8244	62693	160
0	8250	62720	161
0	8254	62784	162
0	8255	62785	161
0	8261	62848	162
0	8265	62912	163
0	8266	62930	162
0	8271	62949	161
0	8276	62959	160
0	8281	62971	159
0	8285	62972	158
0	8290	62976	159
0	8291	62977	158
0	8302	63040	159
0	8311	63095	158
0	8319	63104	159
0	8325	63168	160
0	8327	63232	161
0	8328	63233	160
0	8332	63246	159
0	8337	63296	160
0	8345	63360	161
0	8348	63396	160
0	8354	63424	161
0	8355	63460	160
0	8359	63476	159
0	8364	63488	160
0	8371	63536	159
0	8379	63552	160
0	8380	63563	159
0	8396	63616	160
0	8398	63680	161
0	8399	63714	160
0	8407	63744	161
0	8409	63808	162
0	8410	63821	161
0	8416	63872	162
0	8418	63936	163
0	8421	63963	162
0	8427	64000	163
0	8428	64038	162
0	8434	64064	163
0	8437	64097	162
0	8443	64128	163
0	8444	64182	162
0	8450	64192	163
0	8451	64193	162
0	8458	64207	161
0	8463	64235	160
0	8468	64256	161
0	8475	64320	162
0	8479	64384	163
0	8483	64448	164
0	8484	64488	163
0	8497	64512	164
0	8498	64529	163
0	8503	64564	162
0	8509	64576	163
0	8510	64608	162
0	8516	64640	163
0	8522	64704	164
0	8524	64768	165
0	8530	64832	166
0	8531	64835	165
0	8539	64896	166
0	8540	64912	165
0	8545	64959	164
0	8551	64960	165
0	8555	65024	166
0	8556	65025	165
0	8561	65028	164
0	8569	65088	165
0	8573	65152	166
0	8579	65216	167
0	8580	65270	166
0	8586	65280	167
0	8587	65300	166
0	8593	65344	167
0	8596	65376	166
0	8602	65408	167
0	8603	65460	166
0	8608	65464	165
0	8613	65472	166
0	8620	65536	167
0	8623	65565	166
0	8628	65595	165
0	8634	65600	166
0	8637	65662	165
0	8643	65664	166
0	8647	65728	167
0	8651	65792	168
0	8655	65856	169
0	8658	65890	168
0	8664	65920	169
0	8668	65984	170
0	8673	66000	171
0	8677	66048	172
0	8678	66067	171
0	8685	66088	170
0	8691	66112	171
0	8695	66176	172
0	8696	66185	171
0	8709	66240	172
0	8710	66250	171
0	8715	66264	170
0	8720	66283	169
0	8728	66304	170
0	8736	66368	171
0	8741	66400	170
0	8746	66428	169
0	8752	66432	170
0	8753	66440	169
0	8760	66483	168
0	8770	66496	169
0	8774	66560	170
0	8775	66588	169
0	8781	66624	170
0	8785	66688	171
0	8787	66752	172
0	8791	66816	173
0	8793	66880	174
0	8794	66934	173
0	8800	66944	174
0	8802	67008	175
0	8805	67032	174
0	8811	67072	175
0	8812	67099	174
0	8818	67136	175
0	8820	67200	176
0	8825	67228	175
0	8832	67250	174
0	8838	67264	175
0	8839	67273	174
0	8847	67328	175
0	8849	67392	176
0	8850	67429	175
0	8856	67456	176
0	8862	67518	175
0	8868	67520	176
0	8878	67584	177
0	8882	67648	178
0	8884	67712	179
0	8885	67748	178
0	8891	67776	179
0	8893	67840	180
0	8894	67843	179
0	8899	67882	178
0	8904	67903	177
0	8910	67904	178
0	8911	67930	177
0	8916	67968	178
0	8921	68032	179
0	8922	68052	178
0	8932	68096	179
0	8938	68160	180
0	8942	68224	181
0	8944	68288	182
0	8946	68352	183
0	8948	68416	184
0	8949	68423	183
0	8955	68480	184
0	8956	68511	183
0	8964	68544	184
0	8967	68594	183
0	8973	68608	184
0	8977	68672	185
0	8978	68690	184
0	8983	68701	183
0	8988	68711	182
0	8993	68735	181
0	8999	68736	182
0	9000	68762	181
0	9004	68774	180
0	9008	68795	179
0	9013	68800	180
0	9014	68809	179
0	9018	68818	178
0	9026	68864	179
0	9033	68888	178
0	9037	68898	177
0	9042	68928	178
0	9043	68983	177
0	9048	68992	178
0	9062	69056	179
0	9064	69120	180
0	9074	69139	179
0	9078	69157	178
0	9083	69184	179
0	9084	69196	178
0	9095	69248	179
0	9096	69266	178
0	9100	69276	177
0	9105	69312	178
0	9106	69322	177
0	9110	69342	176
0	9114	69362	175
0	9122	69376	176
0	9124	69440	177
0	9135	69504	178
0	9142	69528	177
0	9147	69568	178
0	9148	69573	177
0	9153	69632	178
0	9154	69633	177
0	9162	69696	178
0	9166	69753	177
0	9171	69760	178
0	9181	69810	177
0	9186	69824	178
0	9190	69879	177
0	9194	69880	176
0	9199	69888	177
0	9203	69908	176
0	9207	69910	175
0	9215	69952	176
0	9226	70016	177
0	9229	70080	178
0	9230	70093	177
0	9237	70130	176
0	9243	70144	177
0	9247	70208	178
0	9248	70259	177
0	9256	70272	178
0	9258	70336	179
0	9261	70369	178
0	9267	70400	179
0	9271	70464	180
0	9275	70507	179
0	9281	70528	180
0	9285	70592	181
0	9292	70652	180
0	9298	70656	181
0	9302	70720	182
0	9303	70743	181
0	9310	70780	180
0	9316	70784	181
0	9317	70790	180
0	9325	70848	181
0	9327	70912	182
0	9329	70976	183
0	9330	70982	182
0	9335	71010	181
0	9345	71040	182
0	9348	71083	181
0	9356	71104	182
0	9358	71168	183
0	9362	71232	184
0	9363	71246	183
0	9369	71296	184
0	9370	71298	183
0	9378	71360	184
0	9380	71424	185
0	9382	71488	186
0	9384	71552	187
0	9385	71587	186
0	9390	71590	185
0	9395	71592	184
0	9401	71616	185
0	9403	71680	186
0	9404	71682	185
0	9412	71744	186
0	9415	71783	185
0	9424	71799	184
0	9430	71808	185
0	9432	71872	186
0	9433	71925	185
0	9438	71927	184
0	9443	71936	185
0	9449	71990	184
0	9459	72000	185
0	9461	72000	186
0	9466	72064	187
0	9479	72128	188
0	9485	72192	189
0	9487	72256	190
0	9491	72320	191
0	9492	72342	190
0	9498	72384	191
0	9504	72448	192
0	9506	72512	193
0	9508	72576	194
0	9509	72584	193
0	9514	72606	192
0	9524	72640	193
0	9525	72646	192
0	9530	72649	191
0	9536	72704	192
0	9537	72707	191
0	9544	72740	190
0	9549	72763	189
0	9555	72768	190
0	9558	72787	189
0	9566	72832	190
0	9570	72896	191
0	9572	72960	192
0	9573	72983	191
0	9583	73024	192
0	9586	73063	191
0	9591	73081	190
0	9597	73088	191
0	9599	73152	192
0	9602	73199	191
0	9608	73216	192
0	9610	73280	193
0	9614	73344	194
0	9615	73352	193
0	9620	73355	192
0	9626	73408	193
0	9632	73472	194
0	9633	73490	193
0	9648	73536	194
0	9652	73600	195
0	9653	73609	194
0	9663	73664	195
0	9664	73697	194
0	9670	73728	195
0	9672	73792	196
0	9676	73856	197
0	9677	73903	196
0	9683	73920	197
0	9684	73943	196
0	9690	73984	197
0	9692	74048	198
0	9694	74112	199
0	9697	74130	198
0	9707	74176	199
0	9708	74178	198
0	9713	74228	197
0	9719	74240	198
0	9723	74304	199
0	9724	74328	198
0	9729	74333	197
0	9736	74363	196
0	9742	74368	197
0	9743	74408	196
0	9749	74432	197
0	9753	74496	198
0	9754	74530	197
0	9762	74560	198
0	9767	74601	197
0	9773	74624	198
0	9777	74688	199
0	9779	74752	200
0	9783	74816	201
0	9785	74880	202
0	9787	74944	203
0	9788	74995	202
0	9797	75008	203
0	9798	75030	202
0	9804	75072	203
0	9806	75136	204
0	9808	75200	205
0	9811	75219	204
0	9816	75233	203
0	9822	75264	204
0	9823	75276	203
0	9831	75328	204
0	9832	75334	203
0	9837	75364	202
0	9848	75383	201
0	9853	75392	202
0	9861	75456	203
0	9863	75475	202
0	9870	75498	201
0	9879	75517	200
0	9885	75520	201
0	9891	75584	202
0	9893	75648	203
0	9896	75673	202
0	9901	75692	201
0	9907	75712	202
0	9908	75713	201
0	9913	75750	200
0	9918	75760	199
0	9923	75776	200
0	9930	75840	201
0	9931	75862	200
0	9936	75864	199
0	9943	75871	198
0	9948	75904	199
0	9949	75911	198
0	9953	75915	197
0	9961	75968	198
0	9962	75975	197
0	9966	75985	196
0	9971	76032	197
0	9973	76096	198
0	9974	76104	197
0	9982	76160	198
0	9983	76194	197
0	9991	76224	198
0	10011	76288	199
0	10013	76352	200
0	10014	76415	199
0	10020	76416	200
0	10022	76480	201
0	10029	76544	202
0	10035	76608	203
0	10039	76672	204
0	10043	76736	205
0	10044	76759	204
0	10049	76793	203
0	10054	76797	202
0	10060	76800	203
0	10065	76858	202
0	10071	76864	203
0	10074	76906	202
0	10082	76928	203
0	10083	76950	202
0	10089	76992	203
0	10092	77053	202
0	10098	77056	203
0	10099	77101	202
0	10105	77120	203
0	10109	77184	204
0	10112	77236	203
0	10117	77245	202
0	10123	77248	203
0	10124	77260	202
0	10130	77312	203
0	10132	77376	204
0	10138	77440	205
0	10144	77504	206
0	10146	77568	207
0	10147	77619	206
0	10153	77632	207
0	10154	77662	206
0	10160	77696	207
0	10162	77760	208
0	10166	77824	209
0	10167	77830	208
0	10173	77888	209
0	10174	77937	208
0	10182	77952	209
0	10183	77956	208
0	10194	78000	209
0	10200	78016	210
0	10201	78019	209
0	10207	78080	210
0	10209	78144	211
0	10221	78176	210
0	10228	78188	209
0	10234	78208	210
0	10240	78272	211
0	10241	78327	210
0	10247	78336	211
0	10249	78400	212
0	10250	78426	211
0	10255	78455	210
0	10260	78464	211
0	10262	78528	212
0	10263	78588	211
0	10268	78592	212
0	10272	78626	211
0	10277	78656	212
0	10278	78687	211
0	10286	78720	212
0	10290	78732	211
0	10294	78735	210
0	10302	78784	211
0	10306	78798	210
0	10314	78848	211
0	10319	78912	212
0	10323	78976	213
0	10324	79001	212
0	10332	79040	213
0	10333	79042	212
0	10338	79068	211
0	10345	79088	210
0	10350	79104	211
0	10355	79168	212
0	10359	79232	213
0	10363	79296	214
0	10367	79360	215
0	10371	79424	216
0	10373	79488	217
0	10378	79552	218
0	10379	79571	217
0	10389	79616	218
0	10390	79632	217
0	10396	79680	218
0	10399	79731	217
0	10404	79732	216
0	10410	79744	217
0	10416	79808	218
0	10417	79835	217
0	10425	79872	218
0	10426	79874	217
0	10437	79936	216
0	10441	79936	217
0	10445	80000	218
0	10448	80044	217
0	10454	80064	218
0	10456	80128	219
0	10458	80192	220
0	10460	80256	221
0	10462	80320	222
0	10466	80384	223
0	10468	80448	224
0	10470	80512	225
0	10471	80521	224
0	10477	80576	225
0	10479	80640	226
0	10480	80701	225
0	10486	80704	226
0	10488	80768	227
0	10490	80832	228
0	10491	80864	227
0	10498	80883	226
0	10504	80896	227
0	10507	80917	226
0	10513	80960	227
0	10514	80977	226
0	10519	80998	225
0	10526	81011	224
0	10531	81024	225
0	10540	81072	224
0	10546	81088	225
0	10549	81122	224
0	10554	81133	223
0	10558	81138	222
0	10562	81150	221
0	10567	81152	222
0	10576	81216	223
0	10586	81280	224
0	10589	81337	223
0	10597	81344	224
0	10598	81351	223
0	10604	81408	224
0	10610	81472	225
0	10611	81534	224
0	10617	81536	225
0	10618	81566	224
0	10624	81600	225
0	10625	81605	224
0	10633	81664	225
0	10634	81682	224
0	10644	81728	225
0	10649	81765	224
0	10655	81792	225
0	10656	81834	224
0	10664	81856	225
0	10666	81920	226
0	10668	81984	227
0	10672	82048	228
0	10676	82112	229
0	10678	82176	230
0	10679	82180	229
0	10684	82193	228
0	10690	82240	229
0	10692	82304	230
0	10693	82317	229
0	10699	82368	230
0	10701	82432	231
0	10702	82443	230
0	10707	82462	229
0	10715	82496	230
0	10725	82532	229
0	10733	82560	230
0	10734	82599	229
0	10739	82624	230
0	10743	82641	229
0	10748	82688	230
0	10749	82721	229
0	10754	82752	230
0	10755	82755	229
0	10759	82757	228
0	10773	82816	229
0	10777	82834	228
0	10781	82857	227
0	10789	82880	228
0	10794	82944	229
0	10797	82959	228
0	10805	83008	229
0	10807	83072	230
0	10809	83136	231
0	10810	83152	230
0	10818	83200	231
0	10819	83257	230
0	10825	83264	231
0	10831	83328	232
0	10833	83392	233
0	10834	83429	232
0	10842	83456	233
0	10844	83520	234
0	10845	83535	233
0	10853	83584	234
0	10855	83648	235
0	10856	83655	234
0	10861	83686	233
0	10867	83712	234
0	10871	83776	235
0	10877	83840	236
0	10879	83904	237
0	10883	83968	238
0	10884	83973	237
0	10893	84000	238
0	10898	84032	239
0	10904	84096	240
0	10905	84128	239
0	10910	84129	238
0	10916	84160	239
0	10926	84224	240
0	10930	84288	241
0	10931	84314	240
0	10937	84352	241
0	10939	84416	242
0	10945	84480	243
0	10947	84544	244
0	10949	84608	245
0	10950	84622	244
0	10955	84629	243
0	10961	84672	244
0	10967	84736	245
0	10969	84800	246
0	10970	84858	245
0	10976	84864	246
0	10977	84878	245
0	10985	84928	246
0	10989	84992	247
0	10990	85018	246
0	10998	85056	247
0	10999	85101	246
0	11005	85120	247
0	11006	85126	246
0	11013	85168	245
0	11019	85184	246
0	11020	85197	245
0	11026	85248	246
0	11032	85312	247
0	11034	85376	248
0	11036	85440	249
0	11043	85504	250
0	11046	85562	249
0	11052	85568	250
0	11053	85599	249
0	11058	85628	248
0	11064	85632	249
0	11070	85696	250
0	11073	85724	249
0	11078	85729	248
0	11088	85760	249
0	11092	85824	250
0	11093	85857	249
0	11098	85864	248
0	11104	85888	249
0	11105	85943	248
0	11113	85952	249
0	11114	85968	248
0	11118	85991	247
0	11123	86016	248
0	11124	86060	247
0	11128	86063	246
0	11133	86080	247
0	11137	86118	246
0	11141	86144	245
0	11145	86144	246
0	11147	86180	245
0	11154	86200	244
0	11159	86208	245
0	11160	86218	244
0	11168	86272	245
0	11173	86336	246
1	0	0	0
1	6	0	1
1	51	614	0
1	808	6000	1
1	837	6189	0
1	1561	12000	1
1	1582	12297	0
1	2360	18000	1
1	2367	18087	0
1	3129	24000	1
1	3177	24336	0
1	3888	30000	1
1	3911	30073	0
1	4641	36000	1
1	4671	36312	0
1	5434	42000	1
1	5449	42153	0
1	6272	48000	1
1	6306	48288	0
1	7078	54000	1
1	7091	54042	0
1	7875	60000	1
1	7996	60924	0
1	8674	66000	1
1	8703	66228	0
1	9460	72000	1
1	9467	72087	0
1	10195	78000	1
1	10210	78149	0
1	10894	84000	1
1	10897	84032	0
2	0	0	0
2	111	844	1
2	112	857	0
2	118	864	1
2	124	918	2
2	125	922	1
2	128	931	0
2	145	1070	1
2	146	1086	0
2	172	1217	1
2	173	1232	0
2	283	2282	1
2	287	2286	2
2	294	2436	1
2	297	2452	0
2	303	2480	1
2	306	2506	0
2	319	2515	1
2	322	2561	0
2	328	2566	1
2	329	2569	0
2	419	3142	1
2	426	3199	0
2	515	3776	1
2	516	3779	0
2	746	5525	1
2	747	5556	0
2	764	5652	1
2	767	5721	0
2	784	5871	1
2	785	5872	0
2	800	5906	1
2	815	6072	2
2	818	6094	1
2	821	6104	0
2	827	6120	1
2	830	6150	0
2	1327	10113	1
2	1331	10233	0
2	1336	10233	1
2	1339	10253	0
2	1524	11673	1
2	1525	11683	0
2	1540	11747	1
2	1543	11789	0
2	1686	13090	1
2	1687	13097	0
2	1711	13198	1
2	1715	13203	2
2	1716	13228	1
2	1719	13230	0
2	1727	13269	1
2	1733	13353	2
2	1734	13357	1
2	1742	13381	2
2	1746	13430	3
2	1752	13446	4
2	1758	13510	3
2	1764	13523	4
2	1765	13533	3
2	1770	13575	2
2	1776	13595	3
2	1779	13646	2
2	1787	13714	3
2	1788	13720	2
2	1794	13722	3
2	1795	13725	2
2	1801	13748	3
2	1802	13753	2
2	1807	13762	1
2	1810	13801	0
2	1947	14876	1
2	1948	14889	0
2	1956	14955	1
2	1962	14997	2
2	1969	15005	3
2	1973	15023	4
2	1974	15034	3
2	1975	15034	2
2	1985	15046	3
2	1989	15049	4
2	1992	15111	3
2	1995	15118	2
2	2001	15124	3
2	2003	15129	2
2	2014	15137	3
2	2015	15148	2
2	2021	15158	3
2	2024	15176	2
2	2027	15217	1
2	2030	15221	0
2	2194	17069	1
2	2198	17075	2
2	2204	17148	3
2	2207	17166	2
2	2210	17174	1
2	2213	17178	0
2	2219	17188	1
2	2222	17217	0
2	2235	17235	1
2	2239	17247	2
2	2242	17302	1
2	2248	17308	2
2	2249	17311	1
2	2252	17326	0
2	2258	17333	1
2	2261	17395	0
2	2303	17636	1
2	2309	17669	2
2	2315	17782	3
2	2316	17784	2
2	2322	17785	3
2	2325	17810	2
2	2328	17827	1
2	2333	17911	0
2	2339	17919	1
2	2345	17924	2
2	2349	17947	3
2	2352	17985	2
2	2363	18048	1
2	2370	18087	2
2	2371	18091	1
2	2374	18096	0
2	2462	18736	1
2	2468	18773	2
2	2471	18821	1
2	2477	18851	2
2	2480	18893	1
2	2486	18899	2
2	2487	18927	1
2	2490	18944	0
2	2498	18947	1
2	2499	18967	0
2	2550	19279	1
2	2551	19318	0
2	2559	19329	1
2	2563	19358	2
2	2564	19373	1
2	2569	19397	0
2	2680	20247	1
2	2684	20286	2
2	2687	20323	1
2	2690	20335	0
2	2698	20359	1
2	2706	20537	2
2	2712	20568	3
2	2720	20683	4
2	2724	20698	5
2	2728	20704	6
2	2729	20707	5
2	2734	20751	4
2	2737	20773	3
2	2742	20815	2
2	2745	20823	1
2	2748	20824	0
2	2935	22289	1
2	2936	22295	0
2	2958	22502	1
2	2968	22537	2
2	2971	22576	1
2	2977	22589	2
2	2980	22628	1
2	2986	22641	2
2	2987	22652	1
2	2992	22665	0
2	2998	22685	1
2	3000	22696	0
2	3005	22696	1
2	3008	22730	0
2	3039	22891	1
2	3045	22913	2
2	3048	22981	1
2	3051	22983	0
2	3319	25504	1
2	3323	25525	2
2	3332	25540	3
2	3333	25540	4
2	3337	25576	5
2	3338	25590	4
2	3341	25594	3
2	3349	25607	4
2	3354	25633	3
2	3363	25753	2
2	3366	25761	1
2	3371	25795	0
2	3377	25805	1
2	3381	25825	2
2	3382	25846	1
2	3390	25890	2
2	3393	25932	1
2	3396	25938	0
2	3622	28007	1
2	3626	28030	2
2	3629	28058	1
2	3634	28104	0
2	3640	28109	1
2	3641	28148	0
2	3649	28179	1
2	3653	28183	2
2	3654	28216	1
2	3659	28272	0
2	4281	32885	1
2	4284	32939	0
2	4431	34044	1
2	4434	34069	0
2	4635	35981	1
2	4648	36078	2
2	4651	36126	1
2	4656	36195	0
2	4662	36211	1
2	4668	36256	2
2	4674	36312	3
2	4678	36328	4
2	4682	36334	5
2	4683	36350	4
2	4692	36380	3
2	4695	36413	2
2	4703	36438	3
2	4707	36449	4
2	4712	36559	3
2	4720	36608	4
2	4721	36638	3
2	4726	36677	2
2	4729	36684	1
2	4732	36687	0
2	4888	38226	1
2	4894	38294	2
2	4900	38368	3
2	4904	38369	4
2	4908	38389	5
2	4909	38399	4
2	4917	38407	5
2	4921	38409	6
2	4924	38473	5
2	4927	38508	4
2	4935	38550	5
2	4939	38556	6
2	4940	38588	5
2	4948	38653	6
2	4949	38656	5
2	4954	38662	4
2	4957	38708	3
2	4960	38709	2
2	4963	38712	1
2	4971	38741	2
2	4975	38744	3
2	4981	38812	4
2	4982	38817	3
2	4990	38878	4
2	4996	38920	5
2	5000	38963	6
2	5003	38977	5
2	5006	38990	4
2	5014	39063	3
2	5019	39131	2
2	5027	39168	3
2	5028	39185	2
2	5034	39204	3
2	5035	39224	2
2	5042	39305	1
2	5048	39314	2
2	5058	39403	3
2	5063	39466	2
2	5068	39505	1
2	5071	39512	0
2	5077	39516	1
2	5078	39523	0
2	5093	39587	1
2	5097	39587	2
2	5100	39628	1
2	5106	39644	2
2	5107	39650	1
2	5113	39660	2
2	5116	39692	1
2	5124	39791	2
2	5127	39838	1
2	5133	39857	2
2	5134	39867	1
2	5142	39892	2
2	5143	39893	1
2	5149	39914	2
2	5155	39981	3
2	5163	40097	4
2	5169	40163	5
2	5173	40182	6
2	5179	40219	7
2	5182	40304	6
2	5187	40329	5
2	5190	40373	4
2	5195	40398	3
2	5201	40427	4
2	5204	40463	3
2	5207	40494	2
2	5217	40577	1
2	5225	40603	2
2	5228	40623	1
2	5234	40627	2
2	5235	40638	1
2	5247	40713	2
2	5251	40730	3
2	5252	40734	2
2	5258	40748	3
2	5262	40762	4
2	5268	40768	5
2	5272	40782	6
2	5273	40806	5
2	5276	40829	4
2	5282	40838	3
2	5287	40838	4
2	5288	40844	3
2	5294	40874	4
2	5295	40889	3
2	5303	40956	4
2	5306	40975	3
2	5312	40979	4
2	5320	41099	5
2	5323	41153	4
2	5328	41271	3
2	5333	41307	2
2	5338	41387	1
2	5344	41396	2
2	5350	41412	3
2	5351	41429	2
2	5357	41433	3
2	5358	41464	2
2	5370	41613	3
2	5373	41668	2
2	5376	41680	1
2	5379	41685	0
2	5394	41782	1
2	5399	41862	0
2	5609	43294	1
2	5613	43318	2
2	5617	43327	3
2	5623	43377	4
2	5627	43381	5
2	5633	43452	6
2	5641	43552	5
2	5648	43574	4
2	5654	43574	5
2	5657	43619	4
2	5666	43715	3
2	5671	43801	2
2	5676	43845	1
2	5679	43857	0
2	5708	43949	1
2	5709	43961	0
2	5886	45060	1
2	5887	45073	0
2	5895	45169	1
2	5896	45172	0
2	6128	46938	1
2	6129	46939	0
2	6448	49381	1
2	6451	49429	0
2	6558	50120	1
2	6562	50133	2
2	6563	50137	1
2	6566	50148	0
2	6578	50172	1
2	6580	50175	0
2	6588	50179	1
2	6589	50194	0
2	6805	51962	1
2	6808	51980	0
2	6861	52384	1
2	6862	52410	0
2	6870	52422	1
2	6871	52454	0
2	6942	52871	1
2	6943	52890	0
2	6949	52909	1
2	6955	52953	2
2	6959	52986	3
2	6967	53086	4
2	6970	53146	3
2	6973	53159	2
2	6976	53166	1
2	6979	53180	0
2	7018	53553	1
2	7021	53624	0
2	7031	53703	1
2	7035	53719	2
2	7036	53722	1
2	7039	53757	0
2	7183	54809	1
2	7189	54856	2
2	7195	54912	3
2	7198	54997	2
2	7204	55031	3
2	7210	55047	4
2	7214	55099	5
2	7220	55127	6
2	7224	55157	7
2	7225	55167	6
2	7233	55186	7
2	7234	55224	6
2	7239	55234	5
2	7245	55247	6
2	7251	55347	7
2	7257	55391	8
2	7258	55406	7
2	7261	55416	6
2	7264	55421	5
2	7269	55442	4
2	7272	55447	3
2	7275	55463	2
2	7278	55481	1
2	7292	55540	2
2	7293	55540	3
2	7299	55559	4
2	7303	55609	5
2	7304	55610	4
2	7307	55611	3
2	7315	55616	4
2	7316	55626	3
2	7319	55645	2
2	7322	55652	1
2	7325	55667	0
2	7333	55689	1
2	7339	55767	2
2	7343	55770	3
2	7344	55800	2
2	7349	55841	1
2	7357	55879	2
2	7361	55885	3
2	7369	55890	4
2	7377	55974	5
2	7381	55997	6
2	7384	56031	5
2	7390	56053	6
2	7393	56083	5
2	7399	56084	6
2	7402	56147	5
2	7405	56166	4
2	7410	56212	3
2	7413	56231	2
2	7418	56281	1
2	7426	56353	2
2	7427	56377	1
2	7435	56412	2
2	7439	56429	3
2	7440	56444	2
2	7443	56447	1
2	7452	56586	0
2	7458	56599	1
2	7461	56645	0
2	7467	56692	1
2	7470	56739	0
2	7476	56763	1
2	7479	56801	0
2	7487	56858	1
2	7491	56870	2
2	7494	56927	1
2	7500	56934	2
2	7501	56936	1
2	7504	56944	0
2	7791	59264	1
2	7792	59284	0
2	7836	59641	1
2	7839	59691	0
2	7858	59856	1
2	7859	59882	0
2	7943	60567	1
2	7947	60579	2
2	7953	60614	3
2	7954	60630	2
2	7959	60686	1
2	7965	60692	2
2	7969	60728	3
2	7972	60779	2
2	7977	60809	1
2	7983	60812	2
2	7984	60814	1
2	7990	60827	2
2	7991	60834	1
2	7999	60924	2
2	8002	60950	1
2	8010	61007	2
2	8011	61037	1
2	8016	61099	0
2	8064	61323	1
2	8067	61420	0
2	8073	61425	1
2	8077	61432	2
2	8080	61478	1
2	8086	61504	0
2	8094	61524	1
2	8095	61525	0
2	8101	61546	1
2	8107	61628	2
2	8113	61637	3
2	8114	61662	2
2	8120	61666	3
2	8121	61679	2
2	8129	61705	3
2	8133	61735	4
2	8140	61784	3
2	8143	61795	2
2	8153	61828	3
2	8157	61860	4
2	8158	61864	3
2	8161	61871	2
2	8164	61871	1
2	8171	61953	0
2	8284	62971	1
2	8288	62972	2
2	8294	62977	3
2	8298	63007	2
2	8303	63047	1
2	8306	63062	0
2	8331	63233	1
2	8335	63246	2
2	8338	63320	1
2	8341	63342	0
2	8358	63460	1
2	8362	63476	2
2	8365	63509	1
2	8368	63521	0
2	8374	63536	1
2	8375	63545	0
2	8383	63563	1
2	8384	63568	0
2	8466	64235	1
2	8469	64273	0
2	8564	65028	1
2	8565	65056	0
2	8611	65464	1
2	8614	65522	0
2	8914	67930	1
2	8917	68017	0
2	8925	68052	1
2	8926	68066	0
2	9003	68762	1
2	9007	68774	2
2	9011	68795	3
2	9017	68809	4
2	9021	68818	5
2	9022	68831	4
2	9027	68868	3
2	9030	68877	2
2	9036	68888	3
2	9040	68898	4
2	9046	68983	5
2	9056	69037	4
2	9065	69122	3
2	9068	69127	2
2	9071	69133	1
2	9077	69139	2
2	9081	69157	3
2	9087	69196	4
2	9088	69208	3
2	9091	69221	2
2	9099	69266	3
2	9103	69276	4
2	9109	69322	5
2	9113	69342	6
2	9117	69362	7
2	9118	69375	6
2	9125	69476	5
2	9128	69480	4
2	9131	69487	3
2	9136	69515	2
2	9139	69517	1
2	9145	69528	2
2	9151	69573	3
2	9157	69633	4
2	9158	69686	3
2	9163	69740	2
2	9169	69753	3
2	9172	69761	2
2	9175	69766	1
2	9178	69769	0
2	9184	69810	1
2	9187	69848	0
2	9193	69879	1
2	9197	69880	2
2	9200	69907	1
2	9206	69908	2
2	9210	69910	3
2	9211	69952	2
2	9216	69966	1
2	9219	70004	0
2	9407	71682	1
2	9408	71683	0
2	9441	71927	1
2	9444	71939	0
2	9840	75364	1
2	9845	75376	0
2	9851	75383	1
2	9854	75413	0
2	9921	75760	1
2	9924	75786	0
2	9939	75864	1
2	9940	75869	0
2	9946	75871	1
2	9952	75911	2
2	9956	75915	3
2	9957	75966	2
2	9965	75975	3
2	9969	75985	4
2	9977	76104	5
2	9978	76148	4
2	9986	76194	5
2	9987	76222	4
2	9992	76228	3
2	9995	76247	2
2	9998	76257	1
2	10001	76261	0
2	10258	78455	1
2	10266	78588	2
2	10269	78610	1
2	10275	78626	2
2	10281	78687	3
2	10282	78689	2
2	10287	78726	1
2	10293	78732	2
2	10297	78735	3
2	10298	78776	2
2	10303	78792	1
2	10309	78798	2
2	10310	78839	1
2	10315	78908	0
2	10341	79068	1
2	10342	79079	0
2	10348	79088	1
2	10351	79151	0
2	10522	80998	1
2	10529	81011	2
2	10532	81025	1
2	10535	81029	0
2	10557	81133	1
2	10561	81138	2
2	10565	81150	3
2	10572	81207	2
2	10577	81228	1
2	10582	81256	0
2	10628	81605	1
2	10629	81652	0
2	10637	81682	1
2	10638	81696	0
2	10710	82462	1
2	10711	82482	0
2	10728	82532	1
2	10729	82540	0
2	10737	82599	1
2	10740	82625	0
2	10746	82641	1
2	10752	82721	2
2	10758	82755	3
2	10762	82757	4
2	10763	82765	3
2	10766	82787	2
2	10769	82791	1
2	10774	82827	0
2	10780	82834	1
2	10784	82857	2
2	10785	82864	1
2	10790	82936	0
2	11108	85943	1
2	11109	85952	0
2	11117	85968	1
2	11121	85991	2
2	11127	86060	3
2	11131	86063	4
2	11134	86108	3
2	11140	86118	4
2	11146	86144	5
2	11150	86180	6
2	11151	86190	5
2	11157	86200	6
2	11163	86218	7
2	11164	86221	6
2	11169	86303	5
2	11174	86352	4
3	0	0	0
4	37	407	407
4	50	612	420
4	62	616	360
4	87	710	582
4	89	753	753
4	93	769	705
4	102	838	838
4	113	857	857
4	126	922	602
4	129	931	483
4	135	1024	384
4	147	1086	574
4	152	1111	727
4	154	1142	182
4	174	1232	400
4	177	1235	211
4	179	1238	342
4	185	1348	772
4	192	1396	180
4	203	1476	388
4	224	1897	397
4	238	1959	1255
4	240	1969	561
4	249	2005	661
4	251	2015	543
4	295	2436	1668
4	298	2452	1300
4	307	2506	778
4	310	2513	721
4	323	2561	577
4	330	2569	1289
4	333	2596	996
4	335	2604	940
4	337	2605	557
4	339	2623	1087
4	359	2819	707
4	366	2839	663
4	370	2912	992
4	401	3123	819
4	403	3130	698
4	425	3194	194
4	427	3199	1343
4	432	3215	847
4	434	3258	762
4	448	3284	468
4	450	3314	626
4	452	3319	1079
4	461	3349	789
4	470	3420	796
4	486	3531	459
4	498	3583	639
4	517	3779	579
4	520	3805	925
4	522	3806	1054
4	531	3847	583
4	549	4086	1078
4	559	4160	832
4	562	4162	706
4	564	4185	1049
4	580	4349	637
4	601	4531	947
4	610	4601	825
4	614	4612	772
4	616	4621	1229
4	622	4668	168
4	626	4679	1159
4	633	4720	1072
4	653	4946	914
4	665	4987	1083
4	669	5004	908
4	676	5024	864
4	696	5254	774
4	698	5273	1305
4	719	5421	1197
4	723	5451	1035
4	730	5459	915
4	748	5556	692
4	753	5607	871
4	768	5721	1369
4	771	5746	1458
4	786	5872	1264
4	789	5878	950
4	819	6094	1422
4	822	6104	1304
4	831	6150	1158
4	834	6154	1098
4	836	6179	803
4	850	6271	271
4	854	6302	1054
4	860	6319	319
4	876	6429	1245
4	885	6511	815
4	894	6562	1058
4	897	6592	1472
4	914	6753	929
4	916	6775	1015
4	932	6869	917
4	934	6877	1437
4	936	6911	1279
4	950	6936	1048
4	952	6946	946
4	961	6989	1421
4	963	7009	1697
4	988	7237	901
4	999	7393	1377
4	1015	7557	1285
4	1017	7583	1503
4	1019	7584	1184
4	1033	7642	1498
4	1040	7674	1210
4	1056	7802	1210
4	1076	7903	1119
4	1080	7954	1234
4	1082	7965	465
4	1084	7993	1465
4	1097	8145	1297
4	1111	8195	1987
4	1118	8232	1320
4	1122	8301	1645
4	1126	8333	1293
4	1135	8420	1252
4	1150	8669	1437
4	1157	8698	1722
4	1184	8962	1474
4	1186	8987	1691
4	1200	9016	1912
4	1204	9043	1491
4	1213	9147	147
4	1233	9400	1656
4	1237	9453	1837
4	1241	9506	1826
4	1248	9535	1663
4	1266	9718	1910
4	1280	9785	1849
4	1296	9891	2467
4	1305	9979	2619
4	1316	10051	1731
4	1334	10233	1977
4	1340	10253	2125
4	1343	10295	2231
4	1345	10296	2104
4	1363	10462	2078
4	1365	10478	2030
4	1384	10621	2109
4	1393	10672	1840
4	1402	10702	1998
4	1410	10759	2759
4	1422	10813	1789
4	1426	10819	319
4	1428	10820	1924
4	1430	10846	2206
4	1444	10939	2363
4	1459	11189	1973
4	1477	11355	2587
4	1481	11394	2242
4	1483	11444	2356
4	1497	11512	2552
4	1499	11516	2044
4	1526	11683	2147
4	1531	11728	2384
4	1544	11789	2189
4	1549	11848	2120
4	1553	11909	2117
4	1566	12060	2652
4	1575	12157	2493
4	1588	12314	314
4	1606	12524	3244
4	1619	12571	571
4	1623	12641	2785
4	1625	12650	2602
4	1641	12789	2805
4	1650	12853	2933
4	1659	12913	2801
4	1675	12992	2688
4	1688	13097	2473
4	1691	13115	2555
4	1702	13184	2432
4	1717	13228	2540
4	1720	13230	3054
4	1735	13357	2861
4	1759	13510	3270
4	1766	13533	2717
4	1771	13575	2567
4	1780	13646	2510
4	1789	13720	2648
4	1796	13725	3293
4	1803	13753	2873
4	1808	13762	2434
4	1811	13801	3433
4	1816	13847	2583
4	1820	13889	2945
4	1833	13994	2602
4	1842	14042	2458
4	1851	14083	2435
4	1860	14148	2948
4	1862	14159	2447
4	1864	14165	665
4	1871	14189	2285
4	1887	14295	2295
4	1889	14320	2352
4	1915	14768	2928
4	1917	14769	3249
4	1926	14787	3011
4	1949	14889	2729
4	1976	15034	2938
4	1978	15034	2810
4	1993	15111	2823
4	1996	15118	3662
4	2005	15129	2585
4	2010	15135	135
4	2016	15148	2540
4	2025	15176	2760
4	2028	15217	2737
4	2031	15221	3189
4	2036	15272	2920
4	2039	15283	2611
4	2040	15283	2355
4	2064	15663	2543
4	2068	15684	2884
4	2076	15879	2887
4	2090	15993	3129
4	2101	16096	3360
4	2110	16157	2973
4	2123	16377	3321
4	2141	16607	3103
4	2145	16691	3379
4	2151	16701	201
4	2164	16863	3295
4	2208	17166	3918
4	2211	17174	3542
4	2214	17178	3290
4	2223	17217	3265
4	2226	17222	3398
4	2243	17302	3926
4	2250	17311	3551
4	2253	17326	3246
4	2262	17395	3379
4	2265	17404	3068
4	2269	17427	3283
4	2271	17462	3254
4	2287	17556	3860
4	2317	17784	3256
4	2326	17810	3154
4	2329	17827	3043
4	2334	17911	3447
4	2353	17985	3713
4	2365	18048	3648
4	2372	18091	3243
4	2375	18096	4656
4	2378	18108	3516
4	2391	18170	170
4	2395	18183	3271
4	2397	18201	3161
4	2399	18216	216
4	2401	18233	3129
4	2426	18447	3151
4	2428	18475	3499
4	2448	18700	3532
4	2472	18821	3589
4	2481	18893	3533
4	2488	18927	3247
4	2492	18944	3520
4	2500	18967	3415
4	2503	18980	3044
4	2512	19045	3557
4	2516	19118	4398
4	2530	19143	3015
4	2539	19225	3609
4	2552	19318	3126
4	2565	19373	3565
4	2570	19397	3397
4	2573	19412	3668
4	2582	19465	3081
4	2584	19468	3404
4	2605	19667	3795
4	2607	19687	3239
4	2616	19768	3128
4	2622	19850	3594
4	2628	19856	356
4	2637	19967	3647
4	2641	19983	3215
4	2669	20204	3308
4	2688	20323	3619
4	2691	20335	3823
4	2730	20707	4131
4	2735	20751	3919
4	2738	20773	3493
4	2743	20815	3855
4	2746	20823	3799
4	2749	20824	3352
4	2752	20843	3627
4	2759	20863	3711
4	2768	20921	3513
4	2772	20976	3632
4	2784	21015	3927
4	2786	21018	3290
4	2806	21162	3562
4	2808	21165	165
4	2817	21189	3525
4	2819	21236	3252
4	2823	21263	3471
4	2839	21387	3387
4	2845	21539	3619
4	2858	21740	4204
4	2871	21893	3717
4	2878	21910	3670
4	2896	22105	3737
4	2898	22127	4015
4	2919	22227	4371
4	2937	22295	3991
4	2940	22332	3836
4	2970	22570	70
4	2972	22576	4528
4	2981	22628	4196
4	2988	22652	4092
4	2993	22665	4041
4	3003	22696	3752
4	3009	22730	3978
4	3012	22731	3915
4	3019	22749	3741
4	3021	22766	4078
4	3049	22981	3717
4	3052	22983	3591
4	3055	23037	3709
4	3064	23085	3885
4	3066	23103	4223
4	3072	23199	4063
4	3085	23430	3846
4	3095	23675	4219
4	3115	23905	4385
4	3133	24024	4952
4	3135	24028	4380
4	3146	24134	4230
4	3160	24209	4497
4	3176	24323	4547
4	3183	24351	351
4	3192	24418	4578
4	3196	24469	4309
4	3202	24487	487
4	3211	24519	4423
4	3220	24595	4307
4	3229	24657	4625
4	3231	24660	4308
4	3249	24891	4475
4	3265	25022	4798
4	3283	25178	4378
4	3296	25348	4740
4	3303	25385	4521
4	3339	25590	4918
4	3342	25594	4538
4	3355	25633	4897
4	3360	25673	173
4	3364	25753	5273
4	3367	25761	4769
4	3372	25795	5251
4	3383	25846	5878
4	3394	25932	5004
4	3397	25938	4690
4	3400	25970	4786
4	3404	26026	4650
4	3408	26085	4645
4	3417	26128	5008
4	3423	26270	4638
4	3437	26343	4775
4	3446	26414	4910
4	3450	26434	4738
4	3461	26564	4676
4	3496	26992	5232
4	3497	26992	4912
4	3502	27007	5055
4	3506	27035	5723
4	3526	27160	160
4	3528	27191	5367
4	3541	27354	5146
4	3555	27430	5286
4	3559	27508	5236
4	3575	27608	5592
4	3577	27630	5230
4	3602	27850	5514
4	3604	27854	5134
4	3630	28058	5594
4	3635	28104	5320
4	3642	28148	5172
4	3655	28216	5688
4	3660	28272	5232
4	3663	28273	5361
4	3665	28282	5626
4	3679	28349	5757
4	3683	28393	5545
4	3692	28466	5298
4	3699	28506	5210
4	3724	28743	5383
4	3728	28848	5616
4	3730	28856	5752
4	3734	28909	5293
4	3755	29014	5334
4	3759	29058	5250
4	3770	29096	5544
4	3774	29145	645
4	3792	29315	5379
4	3799	29318	5894
4	3801	29373	5373
4	3807	29448	5960
4	3814	29470	5598
4	3838	29558	5494
4	3844	29644	5516
4	3846	29665	5473
4	3848	29672	5928
4	3866	29837	5517
4	3882	29991	5479
4	3891	30010	5562
4	3900	30048	5408
4	3921	30153	5897
4	3923	30177	177
4	3927	30209	5441
4	3929	30256	5872
4	3945	30336	6336
4	3960	30480	5648
4	3967	30510	5486
4	3969	30520	520
4	3980	30643	6067
4	3994	30704	5552
4	4007	30857	5897
4	4021	30964	5556
4	4025	30985	6281
4	4038	31027	5811
4	4039	31027	5491
4	4050	31120	5840
4	4064	31216	5872
4	4069	31221	5621
4	4075	31247	5583
4	4091	31391	5535
4	4093	31405	5933
4	4106	31542	6646
4	4113	31625	6537
4	4114	31625	125
4	4142	31862	5942
4	4148	31965	5981
4	4157	32002	5762
4	4166	32070	5766
4	4180	32129	6337
4	4182	32146	6418
4	4186	32205	6157
4	4205	32292	6116
4	4214	32340	6228
4	4221	32353	5857
4	4227	32454	6086
4	4229	32473	5913
4	4250	32606	5982
4	4252	32618	5738
4	4263	32717	6029
4	4285	32939	6123
4	4290	32978	6226
4	4302	33052	6108
4	4304	33054	6046
4	4323	33152	152
4	4326	33166	6030
4	4330	33255	6823
4	4334	33343	6015
4	4350	33446	6374
4	4352	33453	6061
4	4361	33521	5937
4	4382	33642	6442
4	4388	33743	6479
4	4392	33798	6150
4	4406	33897	6185
4	4408	33905	6385
4	4435	34069	6101
4	4441	34108	6076
4	4449	34213	6117
4	4453	34244	6788
4	4464	34380	6476
4	4473	34449	6609
4	4475	34457	6105
4	4477	34466	6178
4	4493	34629	6469
4	4506	34740	240
4	4526	34986	6442
4	4530	35015	7239
4	4539	35103	6431
4	4553	35190	6454
4	4559	35273	6857
4	4561	35285	7061
4	4574	35518	6910
4	4585	35609	7129
4	4606	35767	6711
4	4624	35931	7003
4	4652	36126	7326
4	4657	36195	6883
4	4684	36350	7358
4	4693	36380	7516
4	4696	36413	7165
4	4713	36559	7055
4	4722	36638	7454
4	4727	36677	7557
4	4730	36684	7244
4	4733	36687	687
4	4736	36722	7026
4	4740	36753	7185
4	4742	36782	782
4	4751	36810	6858
4	4753	36822	7446
4	4762	36927	7295
4	4766	36950	7190
4	4779	37124	7300
4	4788	37218	7218
4	4810	37621	7733
4	4821	37710	7566
4	4845	37974	7894
4	4847	37977	7641
4	4849	38013	513
4	4872	38179	7715
4	4910	38399	7871
4	4925	38473	7817
4	4928	38508	8492
4	4941	38588	8380
4	4951	38656	7936
4	4955	38662	7878
4	4958	38708	7732
4	4961	38709	8117
4	4964	38712	7800
4	4983	38817	7585
4	5004	38977	7937
4	5007	38990	8142
4	5015	39063	8663
4	5020	39131	8859
4	5029	39185	7825
4	5036	39224	8120
4	5043	39305	8009
4	5062	39432	432
4	5064	39466	8298
4	5069	39505	7825
4	5072	39512	8024
4	5079	39523	7779
4	5082	39526	7718
4	5101	39628	8204
4	5108	39650	8098
4	5117	39692	8076
4	5128	39838	7966
4	5135	39867	7611
4	5144	39893	7573
4	5183	40304	8176
4	5188	40329	8393
4	5191	40373	8309
4	5196	40398	7886
4	5205	40463	8015
4	5208	40494	8494
4	5218	40577	8001
4	5229	40623	7983
4	5236	40638	7806
4	5241	40645	145
4	5253	40734	8350
4	5274	40806	7718
4	5277	40829	7869
4	5285	40838	8134
4	5289	40844	7564
4	5296	40889	7737
4	5307	40975	8783
4	5324	41153	8385
4	5329	41271	8055
4	5334	41307	8283
4	5339	41387	7787
4	5352	41429	8085
4	5359	41464	7800
4	5374	41668	7940
4	5377	41680	8208
4	5380	41685	7829
4	5385	41730	8834
4	5400	41862	8454
4	5403	41868	7692
4	5410	41905	7985
4	5419	41940	7956
4	5421	41981	8445
4	5444	42088	7784
4	5446	42111	7743
4	5462	42201	8089
4	5464	42209	8417
4	5472	42369	369
4	5478	42422	422
4	5489	42500	8260
4	5491	42508	8012
4	5498	42553	8505
4	5517	42586	7898
4	5535	42789	7909
4	5538	42816	8064
4	5546	42855	8039
4	5548	42866	7922
4	5566	43067	8059
4	5580	43130	7930
4	5589	43194	7930
4	5600	43267	8835
4	5642	43552	8480
4	5650	43574	8182
4	5658	43619	8483
4	5661	43624	124
4	5667	43715	8195
4	5672	43801	8153
4	5677	43845	8133
4	5680	43857	9233
4	5683	43884	8300
4	5687	43909	8581
4	5699	43926	8150
4	5710	43961	8057
4	5715	44012	9452
4	5717	44023	7927
4	5728	44126	7966
4	5739	44230	8198
4	5746	44253	7965
4	5763	44325	8325
4	5767	44343	8119
4	5769	44350	8382
4	5773	44384	8928
4	5777	44426	8074
4	5793	44551	7943
4	5814	44723	8051
4	5823	44768	8928
4	5833	44779	7915
4	5837	44780	8364
4	5841	44801	8257
4	5843	44862	7934
4	5849	44939	8139
4	5875	45053	53
4	5888	45073	8337
4	5897	45172	7988
4	5902	45196	8204
4	5904	45200	7824
4	5912	45248	8000
4	5920	45309	8253
4	5931	45388	8908
4	5933	45432	7928
4	5937	45475	8163
4	5948	45593	8473
4	5970	45915	8155
4	5991	46019	8067
4	5993	46073	8377
4	6007	46108	8540
4	6009	46125	8109
4	6013	46162	8274
4	6017	46223	8143
4	6031	46323	8115
4	6047	46421	8149
4	6049	46463	8639
4	6062	46537	37
4	6069	46578	8434
4	6080	46677	9237
4	6103	46850	8514
4	6110	46876	8284
4	6118	46912	8448
4	6130	46939	8283
4	6133	46948	8548
4	6142	46999	8087
4	6149	47019	9387
4	6155	47135	8351
4	6169	47184	8656
4	6178	47295	8575
4	6187	47342	8494
4	6191	47399	8231
4	6193	47412	8372
4	6202	47429	8133
4	6220	47638	8534
4	6222	47673	8313
4	6241	47735	8119
4	6248	47739	8315
4	6252	47761	8529
4	6254	47776	8800
4	6283	48104	8424
4	6292	48158	8670
4	6301	48215	8471
4	6305	48257	8385
4	6314	48356	8804
4	6316	48362	362
4	6330	48440	8632
4	6345	48532	8340
4	6347	48548	548
4	6349	48559	8431
4	6360	48648	8712
4	6389	49027	9027
4	6396	49066	8746
4	6400	49098	9034
4	6414	49204	8948
4	6430	49309	8669
4	6437	49318	8870
4	6452	49429	8661
4	6457	49498	8922
4	6473	49550	9038
4	6480	49564	8668
4	6482	49568	68
4	6484	49581	9197
4	6488	49636	8804
4	6504	49783	8695
4	6513	49844	8884
4	6515	49848	9144
4	6519	49868	8716
4	6545	50036	8500
4	6564	50137	8921
4	6567	50148	8676
4	6570	50171	8827
4	6581	50175	8447
4	6590	50194	8594
4	6593	50224	8304
4	6602	50270	9246
4	6606	50325	8661
4	6627	50458	9178
4	6629	50489	8489
4	6633	50509	9101
4	6635	50545	8497
4	6648	50690	8706
4	6655	50719	8543
4	6666	50827	9035
4	6675	50943	8831
4	6687	51002	8634
4	6691	51040	8800
4	6709	51205	8709
4	6722	51318	318
4	6731	51387	8763
4	6740	51447	9015
4	6751	51564	8748
4	6760	51615	9759
4	6762	51623	9063
4	6766	51696	9008
4	6782	51810	8802
4	6809	51980	8844
4	6812	52002	9698
4	6816	52047	9167
4	6818	52094	9342
4	6841	52228	9156
4	6843	52240	9296
4	6863	52410	8826
4	6872	52454	9126
4	6875	52457	9193
4	6877	52470	8822
4	6886	52497	8977
4	6891	52503	9111
4	6899	52606	106
4	6915	52686	9486
4	6917	52735	9279
4	6944	52890	8794
4	6971	53146	9370
4	6974	53159	9127
4	6977	53166	9006
4	6980	53180	9212
4	6985	53190	9350
4	6994	53282	8802
4	7003	53328	9104
4	7022	53624	9272
4	7037	53722	9178
4	7040	53757	9021
4	7045	53771	9355
4	7047	53793	9121
4	7057	53844	9940
4	7065	53905	10193
4	7083	54022	9414
4	7090	54031	9103
4	7104	54098	9106
4	7111	54136	136
4	7119	54179	179
4	7121	54180	9380
4	7123	54187	9899
4	7127	54254	9070
4	7156	54625	9569
4	7165	54714	9466
4	7199	54997	9621
4	7226	55167	9663
4	7235	55224	9912
4	7240	55234	9666
4	7259	55406	9582
4	7262	55416	9784
4	7265	55421	10557
4	7270	55442	10002
4	7273	55447	10327
4	7276	55463	9511
4	7279	55481	9337
4	7305	55610	9402
4	7308	55611	9723
4	7317	55626	9546
4	7320	55645	9373
4	7323	55652	9636
4	7326	55667	9907
4	7345	55800	9336
4	7350	55841	9313
4	7373	55961	461
4	7385	56031	9695
4	7394	56083	9363
4	7403	56147	9299
4	7406	56166	10470
4	7411	56212	9556
4	7414	56231	9319
4	7419	56281	9113
4	7428	56377	9145
4	7441	56444	9852
4	7444	56447	9151
4	7453	56586	9226
4	7462	56645	9221
4	7471	56739	9763
4	7480	56801	10017
4	7495	56927	9887
4	7502	56936	9832
4	7505	56944	9136
4	7510	56976	9232
4	7526	57049	9433
4	7533	57069	9389
4	7537	57093	10693
4	7539	57106	9554
4	7541	57121	121
4	7543	57137	9265
4	7554	57275	9275
4	7574	57495	10007
4	7590	57604	9476
4	7599	57679	9679
4	7601	57712	9392
4	7605	57761	9825
4	7623	57972	9588
4	7629	58106	9914
4	7640	58198	10134
4	7659	58260	10004
4	7661	58263	9751
4	7663	58268	9628
4	7686	58446	9678
4	7702	58639	9935
4	7704	58641	9745
4	7712	58689	10113
4	7714	58736	236
4	7723	58814	10366
4	7739	58905	10073
4	7750	59025	10065
4	7764	59134	9854
4	7780	59244	9900
4	7793	59284	10068
4	7796	59286	10134
4	7798	59309	10285
4	7811	59472	9872
4	7825	59583	10175
4	7840	59691	9963
4	7845	59771	10299
4	7860	59882	10346
4	7863	59885	10093
4	7867	59911	10055
4	7878	60022	10934
4	7909	60452	10788
4	7919	60494	10510
4	7920	60494	10318
4	7922	60495	10575
4	7955	60630	10582
4	7960	60686	10126
4	7973	60779	10475
4	7978	60809	10441
4	7985	60814	10318
4	7992	60834	10594
4	8003	60950	10326
4	8012	61037	10925
4	8017	61099	1099
4	8022	61126	10438
4	8024	61151	10335
4	8037	61190	10182
4	8044	61208	1208
4	8046	61240	10168
4	8068	61420	10988
4	8081	61478	10150
4	8088	61504	10304
4	8096	61525	10773
4	8115	61662	10782
4	8122	61679	10415
4	8141	61784	10264
4	8144	61795	10659
4	8147	61813	313
4	8159	61864	10152
4	8162	61871	10415
4	8165	61871	9967
4	8172	61953	10177
4	8175	61982	10334
4	8186	62089	10057
4	8189	62144	11200
4	8206	62277	10437
4	8208	62304	10144
4	8219	62404	10308
4	8228	62507	10283
4	8230	62524	11132
4	8234	62530	10242
4	8252	62750	11166
4	8263	62865	10513
4	8299	63007	10399
4	8304	63047	10567
4	8307	63062	10646
4	8310	63090	11122
4	8323	63122	122
4	8339	63320	10520
4	8342	63342	10798
4	8347	63381	10709
4	8366	63509	10581
4	8369	63521	10785
4	8376	63545	10681
4	8385	63568	10512
4	8388	63578	10330
4	8390	63584	10464
4	8392	63592	10600
4	8394	63614	10302
4	8405	63731	10291
4	8420	63945	10569
4	8436	64081	10897
4	8457	64205	10573
4	8470	64273	10577
4	8473	64281	10457
4	8477	64322	10562
4	8481	64386	10882
4	8493	64506	10938
4	8495	64511	10511
4	8526	64770	10626
4	8528	64771	271
4	8537	64851	10963
4	8553	64976	10960
4	8566	65056	10976
4	8571	65141	11189
4	8575	65197	10989
4	8577	65207	10679
4	8595	65359	11087
4	8615	65522	10866
4	8618	65530	11066
4	8622	65552	10704
4	8636	65633	10721
4	8645	65697	10913
4	8649	65766	11366
4	8653	65812	11476
4	8657	65881	11289
4	8666	65945	11225
4	8684	66086	11110
4	8693	66153	11113
4	8702	66206	11038
4	8726	66303	11071
4	8730	66358	11062
4	8738	66380	380
4	8740	66392	392
4	8759	66442	11018
4	8766	66491	11387
4	8768	66492	10812
4	8772	66501	11141
4	8783	66657	11169
4	8789	66763	10955
4	8804	67016	11400
4	8822	67210	11338
4	8824	67215	11471
4	8831	67242	11306
4	8845	67274	11274
4	8858	67473	11409
4	8870	67522	11970
4	8876	67570	11378
4	8880	67592	92
4	8918	68017	11761
4	8927	68066	11682
4	8930	68081	11569
4	8934	68097	11649
4	8936	68157	11581
4	8940	68166	12038
4	8962	68525	11693
4	8966	68569	12249
4	8975	68637	11933
4	9023	68831	11743
4	9028	68868	12100
4	9031	68877	11981
4	9058	69037	11885
4	9060	69037	37
4	9066	69122	12162
4	9069	69127	12103
4	9072	69133	12493
4	9089	69208	11992
4	9092	69221	11813
4	9119	69375	11775
4	9126	69476	12132
4	9129	69480	11944
4	9132	69487	11823
4	9137	69515	11787
4	9140	69517	11469
4	9159	69686	11574
4	9164	69740	11564
4	9173	69761	11521
4	9176	69766	12486
4	9179	69769	11785
4	9188	69848	11544
4	9201	69907	12115
4	9213	69952	11584
4	9217	69966	11470
4	9220	70004	12084
4	9223	70005	12149
4	9227	70016	11456
4	9236	70108	11676
4	9245	70180	11428
4	9254	70269	11325
4	9260	70350	11470
4	9269	70429	11421
4	9283	70590	13118
4	9291	70606	106
4	9300	70687	11871
4	9309	70747	12123
4	9323	70819	11683
4	9341	71025	12337
4	9343	71031	11831
4	9347	71046	11718
4	9354	71084	11692
4	9360	71170	11650
4	9376	71304	12040
4	9409	71683	11971
4	9414	71748	12292
4	9421	71787	11819
4	9423	71796	12212
4	9445	71939	12867
4	9448	71987	12083
4	9464	72051	11955
4	9473	72110	12078
4	9481	72135	12487
4	9483	72175	175
4	9489	72310	12534
4	9500	72385	12385
4	9502	72393	393
4	9520	72619	12779
4	9522	72637	12477
4	9543	72730	12314
4	9557	72782	12430
4	9564	72822	12214
4	9569	72896	12672
4	9579	72984	12504
4	9581	72997	12453
4	9585	73059	12323
4	9601	73161	12489
4	9612	73286	12358
4	9628	73413	12549
4	9630	73463	12343
4	9646	73535	12479
4	9650	73544	44
4	9659	73620	13332
4	9661	73634	12386
4	9674	73831	12519
4	9696	74126	13134
4	9703	74130	12946
4	9705	74131	12755
4	9721	74262	12758
4	9735	74359	13559
4	9751	74481	12657
4	9760	74533	12965
4	9764	74583	12823
4	9766	74592	13152
4	9775	74650	12762
4	9781	74782	13150
4	9810	75214	13134
4	9829	75308	13612
4	9846	75376	13168
4	9855	75413	13077
4	9858	75451	13499
4	9862	75456	13184
4	9869	75491	491
4	9876	75508	13364
4	9878	75516	13116
4	9887	75530	12810
4	9889	75570	13106
4	9895	75666	13650
4	9925	75786	13130
4	9928	75806	13022
4	9941	75869	12765
4	9958	75966	13118
4	9979	76148	13236
4	9988	76222	13694
4	9993	76228	13188
4	9996	76247	13655
4	9999	76257	12961
4	10002	76261	13029
4	10005	76264	13288
4	10007	76276	12852
4	10009	76278	12662
4	10027	76524	13356
4	10037	76648	12968
4	10041	76687	187
4	10062	76809	13449
4	10064	76855	12983
4	10073	76888	13144
4	10080	76919	12983
4	10091	77039	13551
4	10107	77138	13330
4	10111	77234	13682
4	10134	77432	13368
4	10136	77435	13179
4	10140	77453	13453
4	10142	77475	13347
4	10164	77823	13375
4	10180	77939	13555
4	10189	77990	13798
4	10198	78005	13301
4	10220	78165	13397
4	10227	78186	13674
4	10236	78211	13571
4	10238	78225	225
4	10270	78610	14290
4	10283	78689	14113
4	10288	78726	13638
4	10299	78776	776
4	10304	78792	13832
4	10311	78839	13815
4	10316	78908	14012
4	10321	78913	13633
4	10330	79032	13688
4	10343	79079	13863
4	10352	79151	13615
4	10357	79207	13479
4	10361	79264	13856
4	10365	79301	14149
4	10369	79387	13915
4	10398	79704	204
4	10412	79749	14149
4	10414	79804	14140
4	10423	79847	13863
4	10432	79875	13955
4	10434	79906	14114
4	10436	79916	14060
4	10447	80007	14007
4	10464	80375	14263
4	10497	80870	14502
4	10506	80898	14850
4	10533	81025	14785
4	10536	81029	14405
4	10539	81041	16209
4	10548	81114	14938
4	10573	81207	14903
4	10578	81228	14796
4	10581	81249	249
4	10583	81256	14440
4	10588	81335	14583
4	10593	81337	14777
4	10606	81421	14541
4	10608	81432	14296
4	10630	81652	15156
4	10639	81696	15008
4	10642	81723	14779
4	10646	81736	14536
4	10648	81755	14683
4	10662	81851	14459
4	10670	81994	14730
4	10674	82097	14769
4	10712	82482	14834
4	10724	82526	26
4	10730	82540	15020
4	10741	82625	14849
4	10764	82765	14797
4	10767	82787	15331
4	10770	82791	14759
4	10775	82827	14987
4	10786	82864	15280
4	10791	82936	14840
4	10796	82955	15947
4	10803	82989	14701
4	10816	83175	15271
4	10827	83277	14797
4	10829	83318	14966
4	10840	83452	15292
4	10851	83558	15334
4	10869	83745	15009
4	10873	83825	15217
4	10875	83839	15423
4	10881	83920	16208
4	10918	84178	15250
4	10920	84181	15637
4	10928	84281	281
4	10941	84418	15746
4	10943	84447	15455
4	10963	84687	15887
4	10965	84691	691
4	10983	84904	15592
4	10987	84939	16075
4	10996	85026	15778
4	11012	85151	15967
4	11028	85250	15746
4	11031	85312	16192
4	11038	85461	16085
4	11045	85529	15961
4	11066	85657	16217
4	11068	85693	15997
4	11072	85703	16071
4	11090	85775	275
4	11111	85952	16192
4	11135	86108	15964
4	11152	86190	16174
4	11165	86221	15949
4	11170	86303	16479
4	11175	86352	16016

