version 3
run General-5-20240513-00:14:51-20028
attr configname General
attr datetime 20240513-00:14:51
attr datetimef 20240513-001451
attr experiment General
attr inifile omnetpp.ini
attr iterationvars ""
attr iterationvarsd ""
attr iterationvarsf ""
attr measurement ""
attr network AirportControl
attr processid 20028
attr repetition 5
attr replication #5
attr resultdir results
attr runnumber 5
attr seedset 5
config network AirportControl
config repeat 10
config simtime-resolution s
config sim-time-limit 1440min
config **.PrioT_PCT.jobType 0
config **.PrioT_PCF.jobType 1
config **.PrioF_PCT.jobType 2
config **.PrioF_PCF.jobType 3
config **.PrioT_PCT.probArrival 0.04
config **.PrioT_PCF.probArrival 0.01
config **.PrioF_PCT.probArrival 0.01
config **.PrioF_PCF.probArrival 0.94
config **.PrioT_PCT.interarrivalRateRush 0.4min
config **.PrioT_PCF.interarrivalRateRush 0.4min
config **.PrioF_PCT.interarrivalRateRush 0.4min
config **.PrioF_PCF.interarrivalRateRush 0.4min
config **.PrioF_PCF.interarrivalRateNormal 1min
config **.PrioT_PCT.interarrivalRateNormal 1min
config **.PrioF_PCT.interarrivalRateNormal 1min
config **.PrioT_PCF.interarrivalRateNormal 1min
config **.PrioF_PCF.numberOfPeaks 4
config **.PrioF_PCT.numberOfPeaks 4
config **.PrioT_PCF.numberOfPeaks 4
config **.PrioT_PCT.numberOfPeaks 4
config **.PrioF_PCF.durationOfPeaks 150min
config **.PrioF_PCT.durationOfPeaks 150min
config **.PrioT_PCF.durationOfPeaks 150min
config **.PrioT_PCT.durationOfPeaks 150min
config **.PrioT_Server.serviceTime exponential(3min)
config **.PrioF_Server3.serviceTime exponential(5min)
config **.PrioF_Server2.serviceTime exponential(5min)
config **.PrioF_Server1.serviceTime exponential(5min)
config **.PrioF_Server0.serviceTime exponential(5min)
config **.NoPC_Server0.serviceTime exponential(3min)
config **.NoPC_Server3.serviceTime exponential(3min)
config **.NoPC_Server2.serviceTime exponential(3min)
config **.NoPC_Server1.serviceTime exponential(3min)
config **.PC_Server0.serviceTime exponential(1min)
config **.PC_Server1.serviceTime exponential(1min)

vector 0 AirportControl.PrioF_PQ queueLength:vector ETV
attr interpolationmode sample-hold
attr recordingmode vector
attr title "queue length"
vector 1 AirportControl.PrioT_PQ queueLength:vector ETV
attr interpolationmode sample-hold
attr recordingmode vector
attr title "queue length"
vector 2 AirportControl.NoPC_PQ queueLength:vector ETV
attr interpolationmode sample-hold
attr recordingmode vector
attr title "queue length"
vector 3 AirportControl.PC_PQ queueLength:vector ETV
attr interpolationmode sample-hold
attr recordingmode vector
attr title "queue length"
vector 4 AirportControl.sink lifeTime:vector ETV
attr interpolationmode none
attr recordingmode vector
attr title "lifetime of arrived jobs"
attr unit s
0	0	0	0
0	46	320	1
0	47	329	0
0	53	384	1
0	56	408	0
0	64	448	1
0	66	512	2
0	70	576	3
0	71	614	2
0	76	627	1
0	82	640	2
0	83	689	1
0	89	704	2
0	90	714	1
0	94	720	0
0	240	1664	1
0	241	1719	0
0	247	1728	1
0	251	1792	2
0	253	1856	3
0	261	1920	4
0	262	1934	3
0	267	1966	2
0	272	1973	1
0	278	1984	2
0	279	1997	1
0	283	2042	0
0	288	2048	1
0	293	2112	2
0	295	2176	3
0	300	2240	4
0	304	2304	5
0	309	2358	4
0	314	2365	3
0	320	2368	4
0	322	2432	5
0	325	2487	4
0	329	2487	3
0	336	2496	4
0	340	2560	5
0	341	2597	4
0	346	2598	3
0	350	2624	2
0	354	2624	3
0	356	2626	2
0	361	2688	3
0	365	2704	2
0	369	2716	1
0	374	2752	2
0	379	2816	3
0	381	2880	4
0	382	2903	3
0	393	2944	4
0	394	2970	3
0	398	2971	2
0	406	3008	3
0	407	3046	2
0	415	3072	3
0	423	3136	4
0	430	3191	3
0	438	3200	4
0	439	3228	3
0	447	3264	4
0	451	3306	3
0	456	3328	4
0	457	3371	3
0	465	3392	4
0	475	3456	5
0	476	3465	4
0	481	3492	3
0	486	3520	4
0	487	3527	3
0	499	3570	2
0	506	3584	3
0	511	3648	4
0	512	3695	3
0	518	3712	4
0	519	3720	3
0	527	3776	4
0	531	3840	5
0	532	3871	4
0	540	3904	5
0	544	3968	6
0	545	3995	5
0	551	4032	6
0	555	4096	7
0	556	4121	6
0	562	4160	7
0	566	4224	8
0	567	4229	7
0	577	4288	8
0	578	4298	7
0	584	4352	8
0	586	4416	9
0	588	4480	10
0	595	4544	11
0	596	4575	10
0	604	4608	11
0	605	4622	10
0	611	4672	11
0	615	4736	12
0	617	4800	13
0	625	4864	14
0	627	4928	15
0	628	4968	14
0	633	4979	13
0	639	4992	14
0	640	5013	13
0	647	5029	12
0	654	5045	11
0	660	5056	12
0	661	5108	11
0	669	5120	12
0	671	5184	13
0	672	5216	12
0	679	5244	11
0	685	5248	12
0	690	5300	11
0	696	5312	12
0	699	5361	11
0	707	5376	12
0	710	5430	11
0	716	5440	12
0	719	5490	11
0	725	5504	12
0	727	5568	13
0	729	5632	14
0	730	5634	13
0	735	5667	12
0	743	5696	13
0	744	5720	12
0	749	5753	11
0	753	5756	10
0	758	5760	11
0	760	5824	12
0	765	5888	13
0	770	5952	14
0	777	6000	15
0	783	6016	16
0	792	6080	17
0	802	6144	18
0	804	6208	19
0	808	6272	20
0	809	6310	19
0	815	6336	20
0	819	6400	21
0	821	6464	22
0	822	6475	21
0	829	6524	20
0	835	6528	21
0	836	6529	20
0	841	6533	19
0	851	6592	20
0	855	6656	21
0	856	6663	20
0	861	6698	19
0	867	6720	20
0	871	6784	21
0	873	6848	22
0	874	6893	21
0	880	6912	22
0	884	6976	23
0	886	7040	24
0	888	7104	25
0	889	7122	24
0	895	7168	25
0	901	7232	26
0	903	7296	27
0	904	7313	26
0	909	7339	25
0	915	7360	26
0	917	7424	27
0	918	7449	26
0	923	7455	25
0	928	7462	24
0	938	7488	25
0	939	7491	24
0	950	7552	25
0	954	7616	26
0	955	7621	25
0	963	7680	26
0	964	7710	25
0	970	7744	26
0	980	7808	27
0	981	7823	26
0	987	7872	27
0	988	7917	26
0	994	7936	27
0	1000	8000	28
0	1001	8004	27
0	1013	8064	28
0	1014	8124	27
0	1019	8125	26
0	1025	8128	27
0	1027	8192	28
0	1029	8256	29
0	1030	8258	28
0	1037	8281	27
0	1043	8320	28
0	1047	8384	29
0	1050	8438	28
0	1056	8448	29
0	1058	8512	30
0	1060	8576	31
0	1064	8640	32
0	1066	8704	33
0	1067	8754	32
0	1075	8768	33
0	1079	8832	34
0	1080	8874	33
0	1085	8888	32
0	1091	8896	33
0	1092	8900	32
0	1098	8960	33
0	1103	9024	34
0	1105	9088	35
0	1106	9112	34
0	1111	9125	33
0	1121	9152	34
0	1122	9153	33
0	1127	9164	32
0	1131	9179	31
0	1136	9216	32
0	1137	9224	31
0	1142	9280	32
0	1144	9344	33
0	1156	9408	34
0	1160	9432	33
0	1168	9472	34
0	1174	9536	35
0	1175	9550	34
0	1185	9600	35
0	1189	9664	36
0	1190	9690	35
0	1196	9716	34
0	1203	9728	35
0	1207	9792	36
0	1208	9798	35
0	1214	9856	36
0	1215	9873	35
0	1223	9920	36
0	1224	9929	35
0	1232	9984	36
0	1233	10009	35
0	1238	10028	34
0	1244	10048	35
0	1250	10112	36
0	1256	10176	37
0	1257	10207	36
0	1263	10240	37
0	1265	10304	38
0	1267	10368	39
0	1268	10397	38
0	1275	10428	37
0	1281	10432	38
0	1282	10448	37
0	1289	10489	36
0	1295	10496	37
0	1301	10516	36
0	1306	10531	35
0	1307	10531	34
0	1315	10548	33
0	1323	10560	34
0	1324	10596	33
0	1329	10624	34
0	1330	10657	33
0	1341	10688	34
0	1342	10710	33
0	1347	10752	34
0	1353	10816	35
0	1365	10880	36
0	1369	10944	37
0	1371	11008	38
0	1374	11054	37
0	1382	11072	38
0	1383	11083	37
0	1388	11095	36
0	1394	11136	37
0	1398	11200	38
0	1399	11203	37
0	1409	11264	38
0	1411	11328	39
0	1412	11337	38
0	1422	11392	39
0	1423	11449	38
0	1429	11456	39
0	1433	11520	40
0	1435	11584	41
0	1437	11648	42
0	1438	11660	41
0	1443	11694	40
0	1449	11712	41
0	1450	11727	40
0	1456	11776	41
0	1458	11840	42
0	1460	11904	43
0	1461	11919	42
0	1468	11955	41
0	1474	11968	42
0	1479	12000	43
0	1487	12032	44
0	1488	12038	43
0	1492	12060	42
0	1501	12096	43
0	1505	12160	44
0	1513	12224	45
0	1514	12236	44
0	1518	12274	43
0	1523	12288	44
0	1531	12352	45
0	1540	12416	46
0	1543	12458	45
0	1549	12480	46
0	1551	12544	47
0	1555	12608	48
0	1557	12672	49
0	1560	12721	48
0	1566	12736	49
0	1567	12741	48
0	1572	12759	47
0	1579	12766	46
0	1585	12800	47
0	1589	12864	48
0	1591	12928	49
0	1592	12946	48
0	1597	12972	47
0	1603	12992	48
0	1608	13017	47
0	1616	13056	48
0	1618	13120	49
0	1622	13184	50
0	1623	13226	49
0	1631	13248	50
0	1632	13250	49
0	1640	13312	50
0	1642	13376	51
0	1643	13431	50
0	1649	13440	51
0	1656	13504	52
0	1657	13505	51
0	1663	13568	52
0	1671	13632	53
0	1672	13649	52
0	1680	13696	53
0	1683	13716	52
0	1689	13760	53
0	1690	13764	52
0	1696	13824	53
0	1697	13852	52
0	1705	13888	53
0	1707	13952	54
0	1708	13959	53
0	1718	14016	54
0	1721	14051	53
0	1729	14080	54
0	1730	14086	53
0	1735	14093	52
0	1740	14094	51
0	1751	14137	50
0	1757	14144	51
0	1758	14194	50
0	1766	14208	51
0	1767	14209	50
0	1775	14272	51
0	1779	14336	52
0	1781	14400	53
0	1785	14464	54
0	1786	14470	53
0	1791	14478	52
0	1797	14528	53
0	1801	14592	54
0	1803	14656	55
0	1804	14717	54
0	1805	14717	53
0	1815	14720	54
0	1818	14761	53
0	1824	14784	54
0	1830	14848	55
0	1832	14912	56
0	1836	14976	57
0	1840	15025	56
0	1846	15040	57
0	1847	15048	56
0	1853	15104	57
0	1861	15168	58
0	1864	15195	57
0	1874	15232	58
0	1876	15296	59
0	1877	15310	58
0	1882	15339	57
0	1890	15360	58
0	1892	15424	59
0	1893	15450	58
0	1899	15488	59
0	1902	15535	58
0	1908	15552	59
0	1909	15557	58
0	1914	15588	57
0	1919	15592	56
0	1927	15616	57
0	1928	15646	56
0	1929	15646	55
0	1942	15665	54
0	1950	15680	55
0	1951	15685	54
0	1956	15744	55
0	1962	15793	54
0	1967	15803	53
0	1972	15808	54
0	1977	15872	55
0	1985	15936	56
0	1986	15953	55
0	1993	15975	54
0	1999	16000	55
0	2000	16005	54
0	2008	16064	55
0	2009	16097	54
0	2015	16128	55
0	2019	16192	56
0	2020	16241	55
0	2026	16256	56
0	2029	16304	55
0	2037	16320	56
0	2039	16384	57
0	2040	16398	56
0	2046	16448	57
0	2047	16453	56
0	2058	16512	57
0	2059	16518	56
0	2064	16526	55
0	2071	16551	54
0	2079	16576	55
0	2083	16640	56
0	2084	16648	55
0	2094	16704	56
0	2095	16761	55
0	2101	16768	56
0	2104	16799	55
0	2110	16832	56
0	2112	16896	57
0	2113	16929	56
0	2119	16960	57
0	2121	17024	58
0	2125	17088	59
0	2129	17152	60
0	2130	17171	59
0	2142	17216	60
0	2143	17219	59
0	2149	17280	60
0	2154	17321	59
0	2159	17338	58
0	2167	17344	59
0	2172	17385	58
0	2177	17388	57
0	2181	17388	56
0	2188	17408	57
0	2194	17472	58
0	2197	17531	57
0	2203	17536	58
0	2204	17542	57
0	2213	17584	56
0	2219	17600	57
0	2223	17664	58
0	2225	17728	59
0	2227	17792	60
0	2230	17846	59
0	2236	17856	60
0	2238	17920	61
0	2239	17945	60
0	2244	17948	59
0	2250	17984	60
0	2257	18000	61
0	2261	18048	62
0	2270	18112	63
0	2274	18176	64
0	2277	18220	63
0	2287	18240	64
0	2288	18287	63
0	2296	18304	64
0	2299	18358	63
0	2305	18368	64
0	2307	18432	65
0	2308	18465	64
0	2314	18496	65
0	2316	18560	66
0	2318	18624	67
0	2320	18688	68
0	2321	18694	67
0	2328	18721	66
0	2336	18752	67
0	2339	18802	66
0	2345	18816	67
0	2349	18880	68
0	2350	18925	67
0	2360	18944	68
0	2361	18946	67
0	2366	18965	66
0	2371	18975	65
0	2379	19008	66
0	2380	19014	65
0	2386	19072	66
0	2387	19088	65
0	2391	19115	64
0	2395	19120	63
0	2400	19136	64
0	2402	19200	65
0	2404	19264	66
0	2412	19328	67
0	2416	19377	66
0	2420	19387	65
0	2425	19392	66
0	2430	19456	67
0	2439	19518	66
0	2446	19520	67
0	2455	19584	68
0	2456	19587	67
0	2468	19648	68
0	2469	19649	67
0	2475	19712	68
0	2481	19776	69
0	2482	19826	68
0	2488	19840	69
0	2490	19904	70
0	2492	19968	71
0	2493	20018	70
0	2501	20032	71
0	2502	20036	70
0	2509	20081	69
0	2515	20096	70
0	2517	20160	71
0	2521	20224	72
0	2523	20288	73
0	2524	20317	72
0	2529	20338	71
0	2535	20352	72
0	2536	20407	71
0	2542	20416	72
0	2543	20442	71
0	2553	20480	72
0	2557	20544	73
0	2558	20573	72
0	2566	20608	73
0	2568	20672	74
0	2569	20696	73
0	2577	20736	74
0	2579	20800	75
0	2581	20864	76
0	2584	20918	75
0	2590	20928	76
0	2591	20962	75
0	2597	20992	76
0	2602	21056	77
0	2608	21120	78
0	2616	21184	79
0	2617	21231	78
0	2623	21248	79
0	2624	21282	78
0	2630	21312	79
0	2631	21340	78
0	2643	21376	79
0	2644	21411	78
0	2652	21440	79
0	2653	21470	78
0	2659	21504	79
0	2660	21515	78
0	2672	21568	79
0	2673	21575	78
0	2678	21587	77
0	2688	21632	78
0	2690	21696	79
0	2691	21726	78
0	2697	21760	79
0	2698	21790	78
0	2703	21795	77
0	2710	21821	76
0	2716	21824	77
0	2722	21888	78
0	2723	21907	77
0	2728	21910	76
0	2736	21952	77
0	2737	21956	76
0	2746	21993	75
0	2751	22001	74
0	2757	22016	75
0	2761	22080	76
0	2762	22087	75
0	2767	22099	74
0	2772	22110	73
0	2779	22114	72
0	2783	22134	71
0	2788	22144	72
0	2789	22147	71
0	2794	22208	72
0	2807	22272	73
0	2815	22336	74
0	2817	22400	75
0	2818	22407	74
0	2824	22464	75
0	2825	22490	74
0	2834	22528	75
0	2835	22543	74
0	2840	22565	73
0	2846	22592	74
0	2854	22656	75
0	2855	22660	74
0	2860	22662	73
0	2864	22679	72
0	2871	22708	71
0	2879	22720	72
0	2880	22779	71
0	2887	22784	72
0	2891	22832	71
0	2897	22848	72
0	2898	22849	71
0	2905	22863	70
0	2920	22912	71
0	2921	22932	70
0	2929	22976	71
0	2933	23040	72
0	2934	23073	71
0	2940	23104	72
0	2941	23137	71
0	2946	23149	70
0	2956	23168	71
0	2957	23223	70
0	2963	23232	71
0	2969	23296	72
0	2970	23326	71
0	2975	23332	70
0	2982	23353	69
0	2988	23360	70
0	2992	23424	71
0	2995	23459	70
0	3003	23488	71
0	3006	23492	70
0	3016	23552	71
0	3017	23577	70
0	3022	23597	69
0	3028	23616	70
0	3031	23673	69
0	3037	23680	70
0	3038	23737	69
0	3044	23744	70
0	3048	23808	71
0	3049	23838	70
0	3056	23863	69
0	3064	23872	70
0	3068	23936	71
0	3076	24000	72
0	3078	24000	73
0	3081	24064	74
0	3083	24128	75
0	3085	24192	76
0	3094	24256	77
0	3096	24320	78
0	3098	24384	79
0	3100	24448	80
0	3102	24512	81
0	3108	24576	82
0	3112	24640	83
0	3113	24655	82
0	3118	24673	81
0	3126	24704	82
0	3128	24768	83
0	3130	24832	84
0	3131	24848	83
0	3136	24884	82
0	3142	24896	83
0	3144	24960	84
0	3148	25024	85
0	3149	25027	84
0	3155	25088	85
0	3157	25152	86
0	3161	25216	87
0	3162	25267	86
0	3168	25280	87
0	3171	25311	86
0	3176	25317	85
0	3188	25344	86
0	3189	25345	85
0	3197	25408	86
0	3199	25472	87
0	3203	25503	86
0	3213	25536	87
0	3214	25544	86
0	3222	25600	87
0	3226	25664	88
0	3229	25704	87
0	3234	25715	86
0	3240	25728	87
0	3241	25779	86
0	3247	25792	87
0	3248	25812	86
0	3253	25856	87
0	3257	25878	86
0	3262	25920	87
0	3267	25984	88
0	3271	26048	89
0	3277	26112	90
0	3278	26130	89
0	3284	26176	90
0	3285	26196	89
0	3293	26240	90
0	3294	26272	89
0	3300	26304	90
0	3301	26312	89
0	3311	26368	90
0	3312	26419	89
0	3318	26432	90
0	3319	26451	89
0	3325	26496	90
0	3329	26560	91
0	3330	26594	90
0	3336	26624	91
0	3339	26670	90
0	3345	26688	91
0	3350	26736	90
0	3356	26752	91
0	3361	26808	90
0	3369	26816	91
0	3371	26880	92
0	3372	26897	91
0	3380	26944	92
0	3383	26976	91
0	3392	27008	92
0	3393	27053	91
0	3399	27072	92
0	3400	27081	91
0	3408	27136	92
0	3410	27200	93
0	3418	27264	94
0	3421	27308	93
0	3429	27328	94
0	3431	27392	95
0	3433	27456	96
0	3434	27484	95
0	3440	27520	96
0	3442	27584	97
0	3445	27617	96
0	3451	27648	97
0	3454	27683	96
0	3460	27712	97
0	3462	27776	98
0	3463	27809	97
0	3469	27840	98
0	3470	27889	97
0	3476	27904	98
0	3477	27908	97
0	3481	27911	96
0	3485	27930	95
0	3492	27967	94
0	3497	27968	95
0	3501	27999	94
0	3506	28032	95
0	3507	28056	94
0	3511	28074	93
0	3519	28096	94
0	3520	28109	93
0	3524	28128	92
0	3529	28160	93
0	3530	28196	92
0	3534	28199	91
0	3538	28214	90
0	3543	28224	91
0	3550	28274	90
0	3555	28288	91
0	3556	28326	90
0	3560	28331	89
0	3568	28352	90
0	3576	28416	91
0	3581	28480	92
0	3586	28544	93
0	3590	28591	92
0	3595	28608	93
0	3604	28672	94
0	3616	28710	93
0	3621	28736	94
0	3622	28763	93
0	3636	28800	94
0	3641	28864	95
0	3647	28928	96
0	3650	28976	95
0	3656	28992	96
0	3660	29056	97
0	3661	29066	96
0	3669	29120	97
0	3671	29184	98
0	3673	29248	99
0	3677	29312	100
0	3679	29376	101
0	3681	29440	102
0	3682	29473	101
0	3688	29504	102
0	3691	29513	101
0	3697	29568	102
0	3698	29600	101
0	3699	29600	100
0	3713	29632	101
0	3714	29657	100
0	3720	29696	101
0	3723	29720	100
0	3732	29760	101
0	3735	29824	102
0	3736	29871	101
0	3744	29888	102
0	3746	29952	103
0	3747	29985	102
0	3758	30000	103
0	3762	30016	104
0	3763	30047	103
0	3769	30080	104
0	3770	30106	103
0	3776	30144	104
0	3777	30163	103
0	3785	30208	104
0	3786	30259	103
0	3792	30272	104
0	3793	30290	103
0	3798	30297	102
0	3806	30336	103
0	3812	30400	104
0	3813	30461	103
0	3819	30464	104
0	3821	30528	105
0	3822	30542	104
0	3827	30552	103
0	3839	30592	104
0	3840	30613	103
0	3845	30631	102
0	3852	30656	103
0	3854	30720	104
0	3861	30735	103
0	3865	30736	102
0	3872	30750	101
0	3879	30778	100
0	3884	30784	101
0	3892	30848	102
0	3893	30875	101
0	3905	30912	102
0	3913	30976	103
0	3914	30985	102
0	3920	31040	103
0	3922	31104	104
0	3930	31168	105
0	3932	31232	106
0	3934	31296	107
0	3935	31307	106
0	3941	31360	107
0	3945	31424	108
0	3947	31488	109
0	3951	31511	108
0	3956	31516	107
0	3961	31519	106
0	3967	31552	107
0	3970	31568	106
0	3982	31616	107
0	3985	31651	106
0	3991	31680	107
0	3995	31744	108
0	3997	31808	109
0	3998	31817	108
0	4005	31838	107
0	4011	31872	108
0	4015	31936	109
0	4017	32000	110
0	4018	32031	109
0	4026	32064	110
0	4027	32094	109
0	4033	32128	110
0	4039	32192	111
0	4041	32256	112
0	4043	32320	113
0	4044	32328	112
0	4053	32381	111
0	4059	32384	112
0	4060	32445	111
0	4066	32448	112
0	4067	32505	111
0	4073	32512	112
0	4076	32550	111
0	4081	32557	110
0	4089	32576	111
0	4092	32599	110
0	4097	32624	109
0	4103	32640	110
0	4104	32653	109
0	4116	32704	110
0	4117	32722	109
0	4122	32738	108
0	4127	32764	107
0	4135	32768	108
0	4141	32832	109
0	4142	32887	108
0	4148	32896	109
0	4152	32960	110
0	4158	33012	109
0	4164	33024	110
0	4169	33035	109
0	4177	33088	110
0	4181	33152	111
0	4184	33172	110
0	4189	33176	109
0	4194	33201	108
0	4200	33216	109
0	4201	33229	108
0	4209	33280	109
0	4210	33300	108
0	4214	33329	107
0	4222	33344	108
0	4224	33408	109
0	4228	33442	108
0	4232	33456	107
0	4240	33472	108
0	4241	33488	107
0	4252	33536	108
0	4258	33600	109
0	4259	33621	108
0	4269	33664	109
0	4271	33728	110
0	4272	33748	109
0	4278	33792	110
0	4279	33841	109
0	4285	33856	110
0	4287	33920	111
0	4289	33984	112
0	4290	34012	111
0	4298	34048	112
0	4299	34056	111
0	4305	34112	112
0	4309	34176	113
0	4315	34240	114
0	4317	34304	115
0	4318	34307	114
0	4325	34359	113
0	4331	34368	114
0	4334	34388	113
0	4339	34408	112
0	4346	34424	111
0	4352	34432	112
0	4355	34475	111
0	4360	34486	110
0	4366	34496	111
0	4374	34550	110
0	4380	34556	109
0	4385	34560	110
0	4386	34567	109
0	4390	34581	108
0	4401	34624	109
0	4402	34625	108
0	4413	34688	109
0	4418	34752	110
0	4422	34816	111
0	4423	34834	110
0	4430	34863	109
0	4436	34880	110
0	4437	34890	109
0	4442	34944	110
0	4443	34975	109
0	4447	34996	108
0	4452	35008	109
0	4453	35037	108
0	4457	35044	107
0	4462	35072	108
0	4466	35100	107
0	4473	35126	106
0	4478	35127	105
0	4488	35136	106
0	4493	35200	107
0	4497	35232	106
0	4505	35264	107
0	4506	35307	106
0	4511	35328	107
0	4516	35392	108
0	4518	35456	109
0	4522	35479	108
0	4530	35520	109
0	4531	35531	108
0	4535	35537	107
0	4545	35572	106
0	4549	35577	105
0	4554	35584	106
0	4559	35648	107
0	4570	35690	106
0	4576	35712	107
0	4577	35714	106
0	4586	35742	105
0	4591	35743	104
0	4597	35776	105
0	4601	35840	106
0	4606	35866	105
0	4614	35904	106
0	4615	35960	105
0	4621	35968	106
0	4628	36000	107
0	4632	36032	108
0	4634	36096	109
0	4638	36160	110
0	4639	36185	109
0	4644	36210	108
0	4650	36224	109
0	4656	36245	108
0	4665	36269	107
0	4673	36288	108
0	4676	36322	107
0	4681	36352	108
0	4682	36392	107
0	4687	36416	108
0	4688	36460	107
0	4693	36480	108
0	4695	36544	109
0	4697	36608	110
0	4698	36618	109
0	4702	36653	108
0	4707	36672	109
0	4715	36736	110
0	4720	36800	111
0	4721	36837	110
0	4729	36864	111
0	4733	36916	110
0	4738	36928	111
0	4739	36933	110
0	4750	36992	111
0	4755	37056	112
0	4760	37118	111
0	4766	37120	112
0	4769	37148	111
0	4775	37184	112
0	4777	37248	113
0	4781	37312	114
0	4782	37320	113
0	4787	37338	112
0	4795	37376	113
0	4796	37427	112
0	4802	37440	113
0	4817	37504	114
0	4818	37538	113
0	4824	37568	114
0	4832	37632	115
0	4833	37680	114
0	4839	37696	115
0	4842	37759	114
0	4848	37760	115
0	4849	37767	114
0	4855	37824	115
0	4856	37831	114
0	4865	37882	113
0	4871	37888	114
0	4872	37897	113
0	4878	37952	114
0	4882	38016	115
0	4884	38080	116
0	4885	38142	115
0	4891	38144	116
0	4893	38208	117
0	4894	38212	116
0	4904	38272	117
0	4905	38318	116
0	4913	38336	117
0	4915	38400	118
0	4916	38425	117
0	4924	38464	118
0	4926	38528	119
0	4930	38592	120
0	4932	38656	121
0	4936	38720	122
0	4937	38721	121
0	4942	38731	120
0	4947	38742	119
0	4955	38784	120
0	4956	38815	119
0	4966	38848	120
0	4967	38854	119
0	4972	38905	118
0	4978	38912	119
0	4979	38952	118
0	4985	38976	119
0	4993	39019	118
0	4999	39040	119
0	5002	39051	118
0	5007	39063	117
0	5019	39104	118
0	5026	39153	117
0	5032	39168	118
0	5033	39209	117
0	5039	39232	118
0	5043	39296	119
0	5045	39360	120
0	5046	39399	119
0	5052	39424	120
0	5053	39429	119
0	5060	39467	118
0	5067	39480	117
0	5073	39488	118
0	5074	39505	117
0	5078	39536	116
0	5083	39552	117
0	5084	39566	116
0	5089	39616	117
0	5090	39661	116
0	5095	39680	117
0	5096	39703	116
0	5103	39736	115
0	5111	39744	116
0	5113	39808	117
0	5114	39845	116
0	5119	39872	117
0	5121	39936	118
0	5122	39947	117
0	5135	39972	116
0	5140	40000	117
0	5145	40064	118
0	5146	40097	117
0	5150	40114	116
0	5155	40128	117
0	5157	40192	118
0	5159	40256	119
0	5164	40320	120
0	5169	40384	121
0	5177	40448	122
0	5182	40512	123
0	5186	40526	122
0	5194	40576	123
0	5198	40640	124
0	5204	40704	125
0	5210	40768	126
0	5213	40800	125
0	5221	40832	126
0	5222	40847	125
0	5230	40896	126
0	5231	40905	125
0	5236	40906	124
0	5241	40932	123
0	5247	40960	124
0	5248	41016	123
0	5256	41024	124
0	5262	41048	123
0	5268	41088	122
0	5272	41088	123
0	5275	41089	122
0	5280	41106	121
0	5292	41152	122
0	5296	41216	123
0	5297	41279	122
0	5303	41280	123
0	5304	41305	122
0	5309	41329	121
0	5315	41344	122
0	5316	41395	121
0	5321	41408	122
0	5322	41420	121
0	5326	41438	120
0	5333	41466	119
0	5338	41472	120
0	5345	41511	119
0	5350	41536	120
0	5355	41600	121
0	5356	41611	120
0	5360	41639	119
0	5364	41640	118
0	5372	41664	119
0	5373	41666	118
0	5377	41679	117
0	5385	41728	118
0	5386	41731	117
0	5400	41792	118
0	5402	41856	119
0	5407	41920	120
0	5408	41980	119
0	5413	41984	120
0	5424	42000	121
0	5428	42048	122
0	5429	42071	121
0	5439	42112	122
0	5440	42122	121
0	5450	42176	122
0	5451	42184	121
0	5459	42240	122
0	5465	42283	121
0	5470	42285	120
0	5477	42297	119
0	5482	42304	120
0	5483	42341	119
0	5488	42368	120
0	5490	42432	121
0	5492	42496	122
0	5500	42560	123
0	5504	42624	124
0	5513	42687	123
0	5519	42688	124
0	5525	42752	125
0	5526	42785	124
0	5532	42816	125
0	5533	42817	124
0	5541	42880	125
0	5543	42944	126
0	5546	43002	125
0	5552	43008	126
0	5556	43072	127
0	5557	43109	126
0	5563	43136	127
0	5564	43145	126
0	5569	43163	125
0	5577	43200	126
0	5580	43217	125
0	5585	43220	124
0	5590	43228	123
0	5598	43264	124
0	5604	43328	125
0	5605	43362	124
0	5610	43386	123
0	5616	43392	124
0	5617	43400	123
0	5621	43413	122
0	5625	43444	121
0	5630	43456	122
0	5641	43520	123
0	5642	43527	122
0	5649	43538	121
0	5658	43584	122
0	5668	43648	123
0	5673	43700	122
0	5679	43712	123
0	5680	43746	122
0	5688	43776	123
0	5689	43806	122
0	5695	43840	123
0	5696	43888	122
0	5704	43904	123
0	5705	43907	122
0	5713	43968	123
0	5714	43979	122
0	5719	44005	121
0	5726	44031	120
0	5731	44032	121
0	5736	44096	122
0	5739	44136	121
0	5747	44160	122
0	5751	44224	123
0	5753	44288	124
0	5754	44317	123
0	5764	44352	124
0	5765	44376	123
0	5773	44416	124
0	5776	44426	123
0	5782	44480	124
0	5786	44544	125
0	5788	44608	126
0	5789	44609	125
0	5796	44671	124
0	5802	44672	125
0	5803	44722	124
0	5811	44736	125
0	5812	44760	124
0	5817	44762	123
0	5822	44778	122
0	5826	44789	121
0	5831	44800	122
0	5832	44810	121
0	5843	44864	122
0	5848	44928	123
0	5849	44936	122
0	5854	44992	123
0	5858	45008	122
0	5862	45012	121
0	5873	45056	122
0	5874	45111	121
0	5879	45120	122
0	5883	45171	121
0	5888	45184	122
0	5898	45248	123
0	5902	45312	124
0	5914	45376	125
0	5916	45440	126
0	5918	45504	127
0	5919	45516	126
0	5924	45558	125
0	5930	45568	126
0	5931	45601	125
0	5937	45632	126
0	5938	45645	125
0	5943	45652	124
0	5950	45696	123
0	5954	45696	124
0	5964	45760	125
0	5965	45770	124
0	5977	45824	125
0	5978	45872	124
0	5984	45888	125
0	5985	45910	124
0	5995	45952	125
0	5996	45985	124
0	6002	46016	125
0	6003	46030	124
0	6008	46052	123
0	6013	46055	122
0	6021	46080	123
0	6022	46099	122
0	6029	46116	121
0	6037	46144	122
0	6042	46195	121
0	6050	46208	122
0	6051	46248	121
0	6056	46249	120
0	6066	46272	121
0	6067	46331	120
0	6072	46336	119
0	6076	46336	120
0	6082	46400	121
0	6086	46464	122
0	6091	46528	123
0	6093	46592	124
0	6095	46656	125
0	6101	46720	126
0	6102	46743	125
0	6108	46784	126
0	6111	46827	125
0	6116	46838	124
0	6124	46848	125
0	6130	46912	126
0	6132	46976	127
0	6133	47019	126
0	6139	47040	127
0	6143	47104	128
0	6144	47113	127
0	6150	47168	128
0	6154	47232	129
0	6155	47267	128
0	6161	47296	129
0	6162	47319	128
0	6168	47360	129
0	6172	47424	130
0	6174	47488	131
0	6178	47552	132
0	6179	47554	131
0	6184	47568	130
0	6191	47592	129
0	6197	47616	130
0	6200	47636	129
0	6208	47680	130
0	6209	47690	129
0	6217	47744	130
0	6220	47797	129
0	6226	47808	130
0	6227	47817	129
0	6232	47862	128
0	6239	47865	127
0	6247	47872	128
0	6253	47936	129
0	6261	48000	130
0	6263	48000	131
0	6265	48001	130
0	6271	48064	131
0	6274	48090	130
0	6280	48128	131
0	6294	48183	130
0	6302	48192	131
0	6304	48256	132
0	6305	48268	131
0	6311	48320	132
0	6313	48384	133
0	6319	48448	134
0	6321	48512	135
0	6323	48576	136
0	6324	48593	135
0	6330	48640	136
0	6331	48653	135
0	6338	48678	134
0	6346	48704	133
0	6347	48704	134
0	6352	48741	133
0	6359	48768	132
0	6363	48768	133
0	6366	48793	132
0	6374	48832	133
0	6375	48880	132
0	6382	48895	131
0	6388	48896	132
0	6389	48908	131
0	6397	48960	132
0	6401	49024	133
0	6404	49074	132
0	6410	49088	133
0	6414	49152	134
0	6418	49216	135
0	6419	49229	134
0	6425	49280	135
0	6427	49344	136
0	6428	49357	135
0	6434	49408	136
0	6439	49450	135
0	6445	49472	136
0	6446	49473	135
0	6457	49536	136
0	6458	49537	135
0	6464	49600	136
0	6465	49607	135
0	6470	49609	134
0	6474	49634	133
0	6475	49634	132
0	6486	49664	133
0	6491	49696	132
0	6502	49728	133
0	6503	49754	132
0	6507	49755	131
0	6514	49792	132
0	6519	49856	133
0	6520	49869	132
0	6530	49898	131
0	6535	49920	132
0	6537	49984	133
0	6545	50048	134
0	6548	50099	133
0	6556	50112	134
0	6560	50176	135
0	6562	50240	136
0	6563	50277	135
0	6573	50304	136
0	6574	50327	135
0	6582	50368	136
0	6583	50373	135
0	6588	50379	134
0	6593	50416	133
0	6599	50432	134
0	6602	50485	133
0	6607	50493	132
0	6612	50496	133
0	6613	50511	132
0	6617	50522	131
0	6621	50535	130
0	6626	50560	131
0	6627	50592	130
0	6632	50624	131
0	6640	50688	132
0	6642	50752	133
0	6643	50794	132
0	6647	50810	131
0	6652	50816	132
0	6660	50880	133
0	6664	50906	132
0	6671	50934	131
0	6675	50935	130
0	6680	50944	131
0	6681	50983	130
0	6693	51008	131
0	6696	51044	130
0	6701	51072	131
0	6702	51092	130
0	6707	51136	131
0	6715	51200	132
0	6723	51264	133
0	6724	51270	132
0	6728	51273	131
0	6732	51290	130
0	6737	51328	131
0	6738	51352	130
0	6749	51392	131
0	6757	51456	132
0	6758	51469	131
0	6762	51490	130
0	6766	51503	129
0	6778	51520	130
0	6783	51584	131
0	6790	51606	130
0	6798	51648	131
0	6801	51677	130
0	6806	51712	131
0	6810	51775	130
0	6815	51776	131
0	6816	51788	130
0	6824	51840	131
0	6835	51904	132
0	6836	51944	131
0	6842	51968	132
0	6846	52032	133
0	6848	52096	134
0	6850	52160	135
0	6851	52164	134
0	6859	52224	135
0	6860	52257	134
0	6866	52288	135
0	6868	52352	136
0	6871	52398	135
0	6877	52416	136
0	6881	52480	137
0	6882	52494	136
0	6893	52544	137
0	6894	52558	136
0	6899	52590	135
0	6904	52605	134
0	6910	52608	135
0	6911	52632	134
0	6920	52672	135
0	6923	52700	134
0	6928	52736	135
0	6929	52795	134
0	6934	52800	135
0	6938	52822	134
0	6945	52859	133
0	6950	52864	134
0	6957	52893	133
0	6965	52928	134
0	6970	52992	135
0	6973	52996	134
0	6983	53056	135
0	6984	53113	134
0	6990	53120	135
0	6991	53171	134
0	6997	53184	135
0	6998	53191	134
0	7005	53214	133
0	7013	53248	134
0	7018	53299	133
0	7023	53307	132
0	7029	53312	133
0	7030	53341	132
0	7034	53358	131
0	7038	53361	130
0	7043	53376	131
0	7047	53417	130
0	7051	53419	129
0	7056	53440	130
0	7061	53504	131
0	7062	53529	130
0	7073	53568	131
0	7081	53632	132
0	7084	53655	131
0	7089	53667	130
0	7097	53696	131
0	7105	53760	132
0	7106	53786	131
0	7116	53824	132
0	7117	53838	131
0	7125	53888	132
0	7126	53918	131
0	7131	53939	130
0	7137	53952	131
0	7138	53996	130
0	7147	54000	131
0	7155	54013	130
0	7160	54016	131
0	7161	54040	130
0	7168	54043	129
0	7172	54062	128
0	7180	54080	129
0	7184	54096	128
0	7198	54143	127
0	7203	54144	128
0	7207	54208	129
0	7213	54221	128
0	7218	54244	127
0	7226	54272	128
0	7231	54335	127
0	7237	54336	128
0	7239	54400	129
0	7243	54464	130
0	7244	54469	129
0	7251	54508	128
0	7257	54528	129
0	7259	54592	130
0	7262	54649	129
0	7268	54656	130
0	7269	54659	129
0	7274	54686	128
0	7279	54720	129
0	7284	54784	130
0	7290	54848	131
0	7293	54887	130
0	7301	54912	131
0	7305	54976	132
0	7306	54983	131
0	7311	55006	130
0	7317	55040	131
0	7321	55104	132
0	7322	55128	131
0	7328	55168	132
0	7332	55232	133
0	7334	55296	134
0	7335	55339	133
0	7340	55354	132
0	7348	55360	133
0	7349	55384	132
0	7354	55420	131
0	7362	55424	132
0	7363	55434	131
0	7367	55434	130
0	7373	55488	131
0	7377	55544	130
0	7382	55552	131
0	7383	55566	130
0	7388	55616	131
0	7393	55665	130
0	7398	55680	131
0	7405	55712	130
0	7412	55744	131
0	7416	55788	130
0	7420	55801	129
0	7425	55808	130
0	7432	55867	129
0	7437	55872	130
0	7441	55913	129
0	7445	55929	128
0	7453	55936	129
0	7454	55950	128
0	7459	56000	129
0	7463	56023	128
0	7474	56064	129
0	7482	56128	130
0	7487	56161	129
0	7495	56192	130
0	7497	56256	131
0	7501	56320	132
0	7503	56384	133
0	7505	56448	134
0	7506	56474	133
0	7513	56496	132
0	7519	56512	133
0	7520	56519	132
0	7530	56576	133
0	7532	56640	134
0	7534	56704	135
0	7537	56724	134
0	7543	56768	135
0	7545	56832	136
0	7546	56838	135
0	7552	56896	136
0	7554	56960	137
0	7555	56989	136
0	7567	57024	137
0	7575	57048	136
0	7583	57088	137
0	7585	57152	138
0	7587	57216	139
0	7588	57244	138
0	7594	57280	139
0	7600	57344	140
0	7601	57356	139
0	7609	57408	140
0	7611	57472	141
0	7612	57474	140
0	7617	57481	139
0	7627	57536	140
0	7628	57553	139
0	7635	57576	138
0	7640	57590	137
0	7646	57600	138
0	7650	57664	139
0	7651	57675	138
0	7656	57680	137
0	7661	57711	136
0	7668	57726	135
0	7674	57728	136
0	7677	57763	135
0	7682	57788	134
0	7687	57792	135
0	7692	57856	136
0	7693	57858	135
0	7697	57905	134
0	7702	57920	135
0	7703	57921	134
0	7707	57945	133
0	7715	57984	134
0	7716	57989	133
0	7720	58001	132
0	7724	58012	131
0	7728	58014	130
0	7733	58048	131
0	7738	58112	132
0	7745	58172	131
0	7750	58176	132
0	7758	58240	133
0	7765	58273	132
0	7770	58304	133
0	7772	58368	134
0	7773	58395	133
0	7781	58432	134
0	7785	58454	133
0	7793	58496	134
0	7805	58560	135
0	7808	58569	134
0	7818	58624	135
0	7821	58665	134
0	7826	58673	133
0	7832	58688	134
0	7836	58752	135
0	7838	58816	136
0	7840	58880	137
0	7841	58897	136
0	7847	58944	137
0	7851	59008	138
0	7854	59063	137
0	7855	59063	136
0	7864	59067	135
0	7869	59072	136
0	7874	59136	137
0	7875	59141	136
0	7885	59200	137
0	7886	59229	136
0	7894	59264	137
0	7899	59312	136
0	7905	59328	137
0	7906	59331	136
0	7911	59382	135
0	7917	59392	136
0	7918	59424	135
0	7923	59456	136
0	7932	59520	137
0	7934	59584	138
0	7936	59648	139
0	7937	59684	138
0	7943	59712	139
0	7946	59775	138
0	7952	59776	139
0	7953	59794	138
0	7961	59840	139
0	7962	59842	138
0	7970	59904	139
0	7972	59968	140
0	7975	59984	139
0	7984	60000	140
0	7987	60031	139
0	7993	60032	140
0	7994	60037	139
0	8004	60096	140
0	8015	60160	141
0	8016	60192	140
0	8022	60224	141
0	8028	60288	142
0	8029	60330	141
0	8039	60352	142
0	8044	60378	141
0	8050	60416	142
0	8051	60427	141
0	8059	60480	142
0	8065	60544	143
0	8066	60604	142
0	8072	60608	143
0	8073	60654	142
0	8079	60672	143
0	8081	60736	144
0	8082	60744	143
0	8087	60753	142
0	8097	60800	143
0	8099	60864	144
0	8100	60894	143
0	8106	60928	144
0	8110	60992	145
0	8114	61056	146
0	8116	61120	147
0	8117	61150	146
0	8122	61171	145
0	8128	61184	146
0	8129	61236	145
0	8135	61248	146
0	8136	61272	145
0	8144	61312	146
0	8150	61376	147
0	8154	61440	148
0	8159	61504	149
0	8161	61568	150
0	8170	61624	149
0	8175	61630	148
0	8180	61632	147
0	8184	61632	148
0	8188	61696	149
0	8189	61719	148
0	8196	61753	147
0	8202	61760	148
0	8203	61782	147
0	8207	61788	146
0	8214	61819	145
0	8222	61824	146
0	8223	61835	145
0	8234	61888	146
0	8236	61952	147
0	8240	62016	148
0	8244	62080	149
0	8245	62107	148
0	8255	62144	149
0	8256	62171	148
0	8261	62185	147
0	8266	62197	146
0	8274	62208	147
0	8276	62272	148
0	8277	62335	147
0	8283	62336	148
0	8291	62400	149
0	8293	62464	150
0	8294	62511	149
0	8300	62528	150
0	8301	62531	149
0	8307	62592	150
0	8309	62656	151
0	8312	62708	150
0	8318	62720	151
0	8323	62780	150
0	8328	62781	149
0	8334	62784	150
0	8338	62848	151
0	8342	62912	152
0	8346	62976	153
0	8355	63040	154
0	8359	63104	155
0	8361	63168	156
0	8362	63209	155
0	8370	63232	156
0	8371	63256	155
0	8376	63281	154
0	8382	63296	155
0	8385	63337	154
0	8390	63344	153
0	8396	63360	154
0	8398	63424	155
0	8399	63431	154
0	8404	63435	153
0	8409	63488	154
0	8416	63552	155
0	8417	63582	154
0	8427	63616	155
0	8429	63680	156
0	8430	63687	155
0	8435	63727	154
0	8441	63744	155
0	8445	63808	156
0	8448	63848	155
0	8454	63872	156
0	8456	63936	157
0	8460	64000	158
0	8462	64064	159
0	8465	64107	158
0	8470	64116	157
0	8476	64128	158
0	8479	64159	157
0	8485	64192	158
0	8491	64256	159
0	8495	64320	160
0	8496	64347	159
0	8502	64384	160
0	8504	64448	161
0	8506	64500	160
0	8517	64512	159
0	8521	64512	160
0	8525	64576	161
0	8531	64640	162
0	8535	64704	163
0	8536	64712	162
0	8543	64758	161
0	8548	64760	160
0	8556	64768	161
0	8557	64770	160
0	8562	64799	159
0	8567	64819	158
0	8572	64832	159
0	8577	64896	160
0	8580	64907	159
0	8586	64960	160
0	8590	65024	161
0	8591	65026	160
0	8598	65064	159
0	8604	65088	160
0	8607	65118	159
0	8615	65152	160
0	8616	65164	159
0	8621	65177	158
0	8625	65201	157
0	8630	65216	158
0	8632	65280	159
0	8636	65299	158
0	8643	65313	157
0	8647	65332	156
0	8652	65344	157
0	8653	65397	156
0	8658	65408	157
0	8662	65411	156
0	8666	65413	155
0	8680	65472	156
0	8684	65522	155
0	8688	65530	154
0	8693	65536	155
0	8701	65600	156
0	8702	65631	155
0	8707	65664	156
0	8708	65681	155
0	8719	65728	156
0	8728	65792	157
0	8729	65807	156
0	8735	65856	157
0	8736	65892	156
0	8746	65920	157
0	8749	65974	156
0	8755	65984	157
0	8756	65986	156
0	8765	66000	157
0	8768	66036	156
0	8773	66037	155
0	8781	66048	156
0	8784	66057	155
0	8789	66061	154
0	8793	66062	153
0	8797	66083	152
0	8802	66112	153
0	8810	66176	154
0	8811	66194	153
0	8818	66226	152
0	8823	66240	153
0	8824	66269	152
0	8833	66304	153
0	8837	66321	152
0	8841	66342	151
0	8852	66368	152
0	8853	66373	151
0	8867	66432	152
0	8868	66458	151
0	8876	66496	152
0	8877	66510	151
0	8881	66512	150
0	8888	66528	149
0	8893	66560	150
0	8894	66564	149
0	8899	66624	150
0	8907	66688	151
0	8911	66706	150
0	8916	66752	151
0	8918	66816	152
0	8928	66863	151
0	8936	66880	152
0	8944	66909	151
0	8952	66944	152
0	8958	67008	153
0	8960	67072	154
0	8962	67136	155
0	8964	67200	156
0	8965	67219	155
0	8970	67261	154
0	8976	67264	155
0	8977	67270	154
0	8983	67328	155
0	8985	67392	156
0	8989	67456	157
0	8994	67520	158
0	8997	67561	157
0	9003	67584	158
0	9004	67620	157
0	9010	67648	158
0	9011	67673	157
0	9017	67712	158
0	9019	67776	159
0	9024	67815	158
0	9032	67840	159
0	9038	67904	160
0	9046	67968	161
0	9048	68032	162
0	9050	68096	163
0	9051	68135	162
0	9057	68160	163
0	9058	68192	162
0	9065	68216	161
0	9071	68224	162
0	9074	68243	161
0	9079	68281	160
0	9085	68288	161
0	9089	68352	162
0	9090	68359	161
0	9096	68416	162
0	9099	68470	161
0	9105	68480	162
0	9106	68492	161
0	9111	68498	160
0	9118	68516	159
0	9122	68525	158
0	9127	68544	159
0	9138	68589	158
0	9146	68608	159
0	9148	68672	160
0	9152	68736	161
0	9153	68778	160
0	9158	68799	159
0	9164	68800	160
0	9167	68840	159
0	9172	68845	158
0	9178	68864	159
0	9181	68924	158
0	9187	68928	159
0	9188	68939	158
0	9196	68992	159
0	9200	69032	158
0	9205	69056	159
0	9210	69120	160
0	9211	69125	159
0	9215	69136	158
0	9219	69152	157
0	9224	69184	158
0	9226	69248	159
0	9233	69298	158
0	9238	69312	159
0	9239	69328	158
0	9247	69376	159
0	9248	69401	158
0	9252	69402	157
0	9260	69440	158
0	9277	69504	159
0	9278	69549	158
0	9282	69552	157
0	9287	69568	158
0	9288	69574	157
0	9292	69582	156
0	9299	69628	155
0	9304	69632	156
0	9305	69634	155
0	9315	69685	154
0	9320	69696	155
0	9327	69731	154
0	9331	69735	153
0	9336	69760	154
0	9337	69795	153
0	9345	69824	154
0	9353	69888	155
0	9358	69952	156
0	9366	70008	155
0	9371	70012	154
0	9377	70016	155
0	9383	70080	156
0	9384	70093	155
0	9392	70144	156
0	9393	70160	155
0	9401	70208	156
0	9405	70272	157
0	9406	70321	156
0	9412	70336	157
0	9414	70400	158
0	9415	70451	157
0	9421	70464	158
0	9425	70501	157
0	9434	70523	156
0	9440	70528	157
0	9444	70592	158
0	9446	70656	159
0	9450	70720	160
0	9451	70732	159
0	9459	70784	160
0	9461	70848	161
0	9463	70912	162
0	9466	70965	161
0	9472	70976	162
0	9474	71040	163
0	9475	71080	162
0	9480	71085	161
0	9488	71104	162
0	9489	71117	161
0	9501	71168	162
0	9507	71232	163
0	9508	71275	162
0	9515	71276	161
0	9521	71296	162
0	9522	71307	161
0	9529	71319	160
0	9536	71357	159
0	9542	71360	160
0	9544	71424	161
0	9548	71488	162
0	9549	71539	161
0	9554	71545	160
0	9560	71552	161
0	9564	71616	162
0	9566	71680	163
0	9567	71689	162
0	9573	71744	163
0	9577	71808	164
0	9578	71830	163
0	9583	71841	162
0	9591	71872	163
0	9592	71876	162
0	9597	71936	163
0	9601	71996	162
0	9610	72000	163
0	9612	72000	164
0	9622	72064	165
0	9623	72069	164
0	9630	72086	163
0	9638	72128	164
0	9640	72192	165
0	9645	72205	164
0	9656	72256	165
0	9662	72320	166
0	9667	72349	165
0	9673	72384	166
0	9677	72448	167
0	9680	72506	166
0	9686	72512	167
0	9687	72543	166
0	9693	72576	167
0	9694	72592	166
0	9699	72603	165
0	9706	72613	164
0	9712	72640	165
0	9713	72641	164
0	9720	72648	163
0	9729	72662	162
0	9739	72704	163
0	9743	72768	164
0	9744	72793	163
0	9752	72832	164
0	9753	72895	163
0	9759	72896	164
0	9760	72930	163
0	9765	72936	162
0	9770	72946	161
0	9775	72960	162
0	9776	72984	161
0	9783	73016	160
0	9787	73023	159
0	9792	73024	160
0	9803	73088	161
0	9804	73091	160
0	9808	73118	159
0	9818	73144	158
0	9822	73147	157
0	9827	73152	158
0	9828	73195	157
0	9836	73216	158
0	9840	73229	157
0	9848	73280	158
0	9855	73344	159
0	9857	73408	160
0	9863	73472	161
0	9868	73536	162
0	9869	73539	161
0	9881	73600	162
0	9883	73664	163
0	9887	73728	164
0	9888	73765	163
0	9894	73792	164
0	9896	73856	165
0	9902	73920	166
0	9903	73955	165
0	9908	73968	164
0	9913	73982	163
0	9919	73984	164
0	9923	74048	165
0	9926	74054	164
0	9932	74112	165
0	9933	74134	164
0	9939	74176	165
0	9944	74240	164
0	9948	74240	165
0	9951	74277	164
0	9957	74304	165
0	9961	74368	166
0	9963	74432	167
0	9966	74487	166
0	9972	74496	167
0	9973	74510	166
0	9978	74550	165
0	9984	74560	166
0	9990	74624	167
0	9993	74686	166
0	9999	74688	167
0	10001	74752	168
0	10002	74791	167
0	10008	74816	168
0	10012	74880	169
0	10013	74881	168
0	10020	74905	167
0	10026	74944	168
0	10031	75008	169
0	10035	75072	170
0	10036	75100	169
0	10043	75134	168
0	10050	75136	169
0	10056	75165	168
0	10063	75192	167
0	10069	75200	168
0	10070	75205	167
0	10080	75264	168
0	10086	75328	169
0	10087	75329	168
0	10096	75377	167
0	10102	75392	168
0	10103	75409	167
0	10108	75412	166
0	10115	75433	165
0	10121	75456	166
0	10123	75520	167
0	10129	75584	168
0	10130	75599	167
0	10137	75605	166
0	10143	75648	167
0	10144	75652	166
0	10152	75712	167
0	10154	75776	168
0	10157	75797	167
0	10162	75816	166
0	10169	75830	165
0	10175	75840	166
0	10177	75904	167
0	10178	75933	166
0	10183	75963	165
0	10188	75968	166
0	10190	76032	167
0	10194	76056	166
0	10198	76062	165
0	10202	76096	164
0	10209	76096	165
0	10215	76160	166
0	10216	76163	165
0	10227	76224	166
0	10228	76266	165
0	10236	76288	166
0	10240	76352	167
0	10248	76416	168
0	10249	76419	167
0	10255	76480	168
0	10260	76544	169
0	10262	76608	170
0	10263	76639	169
0	10269	76672	170
0	10271	76736	171
0	10278	76767	170
0	10284	76800	171
0	10287	76840	170
0	10293	76864	171
0	10297	76928	172
0	10299	76992	173
0	10303	77056	174
0	10304	77107	173
0	10310	77120	174
0	10311	77121	173
0	10320	77180	172
0	10326	77184	173
0	10328	77248	174
0	10332	77312	175
0	10333	77323	174
0	10343	77376	175
0	10344	77388	174
0	10349	77428	173
0	10355	77440	174
0	10356	77461	173
0	10361	77469	172
0	10367	77504	173
0	10372	77555	172
0	10378	77568	173
0	10379	77575	172
0	10385	77632	173
0	10387	77696	174
0	10392	77747	173
0	10400	77760	174
0	10404	77824	175
0	10408	77888	176
0	10410	77952	177
0	10415	78000	178
0	10419	78016	179
0	10432	78080	180
0	10433	78129	179
0	10439	78144	180
0	10443	78208	181
0	10445	78272	182
0	10446	78290	181
0	10453	78303	180
0	10459	78336	181
0	10461	78400	182
0	10462	78402	181
0	10469	78455	180
0	10470	78455	179
0	10480	78464	180
0	10481	78475	179
0	10485	78492	178
0	10489	78504	177
0	10496	78523	176
0	10507	78528	177
0	10509	78592	178
0	10511	78656	179
0	10512	78657	178
0	10517	78720	179
0	10518	78736	178
0	10523	78784	179
0	10527	78800	178
0	10531	78816	177
0	10535	78817	176
0	10543	78848	177
0	10544	78895	176
0	10548	78909	175
0	10553	78912	176
0	10555	78976	177
0	10559	79007	176
0	10563	79027	175
0	10568	79040	176
0	10569	79052	175
0	10574	79104	176
0	10575	79153	175
0	10583	79168	176
0	10584	79197	175
0	10592	79232	176
0	10593	79270	175
0	10598	79296	176
0	10600	79360	177
0	10605	79424	178
0	10613	79488	179
0	10620	79511	178
0	10631	79552	179
0	10633	79616	180
0	10643	79668	179
0	10647	79676	178
0	10652	79680	179
0	10653	79708	178
0	10658	79744	179
0	10662	79782	178
0	10667	79808	179
0	10671	79815	178
0	10675	79829	177
0	10679	79843	176
0	10684	79872	177
0	10686	79936	178
0	10690	79984	177
0	10694	79987	176
0	10699	80000	177
0	10700	80060	176
0	10705	80064	177
0	10709	80081	176
0	10713	80084	175
0	10720	80099	174
0	10724	80109	173
0	10728	80119	172
0	10736	80128	173
0	10740	80154	172
0	10745	80192	173
0	10752	80212	172
0	10756	80216	171
0	10763	80245	170
0	10768	80256	171
0	10770	80320	172
0	10777	80372	171
0	10782	80384	172
0	10783	80409	171
0	10788	80448	172
0	10799	80512	173
0	10800	80551	172
0	10805	80576	173
0	10806	80580	172
0	10810	80581	171
0	10815	80640	172
0	10822	80683	171
0	10830	80704	172
0	10834	80738	171
0	10842	80768	172
0	10843	80779	171
0	10851	80812	170
0	10861	80832	171
0	10866	80896	172
0	10870	80934	171
0	10875	80960	172
0	10876	80991	171
0	10887	81024	172
0	10898	81088	173
0	10905	81149	172
0	10910	81152	173
0	10914	81193	172
0	10918	81209	171
0	10923	81216	172
0	10928	81280	173
0	10929	81289	172
0	10937	81341	171
0	10945	81344	172
0	10946	81399	171
0	10951	81408	172
0	10959	81472	173
0	10963	81536	174
0	10971	81600	175
0	10975	81635	174
0	10980	81664	175
0	10981	81681	174
0	10985	81710	173
0	10990	81728	174
0	10994	81743	173
0	10999	81792	174
0	11006	81840	173
0	11011	81856	174
0	11012	81870	173
0	11017	81920	174
0	11019	81984	175
0	11020	82034	174
0	11025	82048	175
0	11032	82088	174
0	11037	82112	175
0	11048	82176	176
0	11051	82238	175
0	11057	82240	176
0	11061	82304	177
0	11065	82368	178
0	11066	82388	177
0	11072	82432	178
0	11074	82496	179
0	11087	82560	180
0	11089	82624	181
0	11091	82688	182
0	11093	82752	183
0	11094	82786	182
0	11102	82816	183
0	11106	82880	184
0	11107	82883	183
0	11112	82896	182
0	11120	82944	183
0	11124	83008	184
0	11127	83040	183
0	11132	83057	182
0	11138	83072	183
0	11140	83136	184
0	11141	83148	183
0	11149	83200	184
0	11150	83263	183
0	11156	83264	184
0	11162	83328	185
0	11163	83357	184
0	11171	83392	185
0	11174	83433	184
0	11180	83456	185
0	11181	83482	184
0	11189	83520	185
0	11193	83584	186
0	11194	83602	185
0	11199	83605	184
0	11208	83641	183
0	11214	83648	184
0	11216	83712	185
0	11217	83766	184
0	11223	83776	185
0	11227	83840	186
0	11229	83904	187
0	11230	83933	186
0	11236	83968	187
0	11243	84000	188
0	11246	84025	187
0	11252	84032	188
0	11254	84096	189
0	11261	84160	190
0	11267	84224	191
0	11271	84288	192
0	11277	84352	193
0	11278	84379	192
0	11284	84416	193
0	11285	84422	192
0	11293	84480	193
0	11295	84544	194
0	11297	84608	195
0	11298	84636	194
0	11306	84672	195
0	11307	84687	194
0	11313	84736	195
0	11317	84800	196
0	11318	84806	195
0	11323	84859	194
0	11329	84864	195
0	11332	84906	194
0	11340	84928	195
0	11341	84933	194
0	11348	84970	193
0	11356	84992	194
0	11357	85047	193
0	11363	85056	194
0	11364	85092	193
0	11372	85120	194
0	11379	85178	193
0	11385	85184	194
0	11389	85248	195
0	11390	85272	194
0	11395	85275	193
0	11403	85312	194
0	11404	85320	193
0	11409	85331	192
0	11417	85376	193
0	11423	85440	194
0	11428	85504	195
0	11429	85521	194
0	11435	85568	195
0	11438	85589	194
0	11444	85632	195
0	11445	85661	194
0	11451	85696	195
0	11452	85710	194
0	11457	85742	193
0	11462	85760	194
0	11463	85772	193
0	11468	85824	194
0	11473	85888	195
0	11482	85952	196
0	11490	86016	197
0	11492	86080	198
0	11494	86144	199
0	11495	86207	198
0	11501	86208	199
0	11505	86272	200
0	11511	86336	201
1	0	0	0
1	6	0	1
1	16	45	0
1	778	6000	1
1	784	6019	0
1	1480	12000	1
1	1482	12006	0
1	2258	18000	1
1	2264	18086	0
1	3077	24000	1
1	3086	24229	0
1	3759	30000	1
1	3831	30560	0
1	4629	36000	1
1	4651	36234	0
1	5425	42000	1
1	5460	42253	0
1	6262	48000	1
1	6281	48131	0
1	7148	54000	1
1	7150	54009	0
1	7985	60000	1
1	8009	60137	0
1	8766	66000	1
1	8828	66280	0
1	9611	72000	1
1	9617	72031	0
1	10416	78000	1
1	10420	78024	0
1	11244	84000	1
1	11255	84155	0
2	0	0	0
2	93	714	1
2	97	720	2
2	100	765	3
2	104	786	2
2	109	817	3
2	113	836	2
2	116	878	1
2	121	884	2
2	125	924	1
2	130	931	2
2	133	943	3
2	137	982	2
2	145	1029	3
2	148	1062	4
2	149	1078	3
2	155	1096	2
2	160	1116	3
2	161	1141	2
2	172	1234	3
2	173	1260	2
2	176	1274	1
2	177	1274	0
2	187	1284	1
2	188	1330	0
2	196	1373	1
2	197	1390	0
2	205	1412	1
2	208	1419	2
2	209	1425	1
2	212	1443	0
2	282	1997	1
2	286	2042	2
2	289	2083	1
2	296	2181	0
2	349	2598	1
2	355	2624	2
2	359	2626	3
2	362	2698	2
2	368	2704	3
2	372	2716	4
2	375	2792	3
2	385	2903	4
2	386	2927	3
2	387	2927	2
2	397	2970	3
2	401	2971	4
2	410	3046	5
2	411	3065	4
2	424	3142	3
2	427	3160	2
2	433	3191	3
2	434	3195	2
2	442	3228	3
2	443	3234	2
2	448	3270	1
2	454	3306	2
2	460	3371	3
2	461	3388	2
2	466	3403	1
2	469	3408	0
2	484	3492	1
2	490	3527	2
2	491	3532	1
2	494	3535	0
2	752	5753	1
2	756	5756	2
2	761	5888	1
2	766	5923	0
2	931	7462	1
2	932	7465	0
2	1114	9125	1
2	1115	9127	0
2	1130	9164	1
2	1134	9179	2
2	1140	9224	3
2	1145	9376	2
2	1148	9391	1
2	1157	9409	0
2	1163	9432	1
2	1164	9445	0
2	1313	10531	1
2	1318	10548	2
2	1319	10550	1
2	1327	10596	2
2	1333	10657	3
2	1334	10666	2
2	1337	10680	1
2	1345	10710	2
2	1354	10826	1
2	1357	10837	0
2	1485	12006	1
2	1491	12038	2
2	1495	12060	3
2	1506	12178	2
2	1509	12196	1
2	1517	12236	2
2	1521	12274	3
2	1524	12332	2
2	1527	12350	1
2	1532	12366	0
2	1922	15592	1
2	1923	15594	0
2	1934	15646	1
2	1937	15649	0
2	1954	15685	1
2	1957	15765	0
2	1970	15803	1
2	1973	15850	0
2	2067	16526	1
2	2068	16534	0
2	2074	16551	1
2	2075	16570	0
2	2390	19088	1
2	2394	19115	2
2	2398	19120	3
2	2405	19282	2
2	2408	19321	1
2	2413	19344	0
2	2419	19377	1
2	2423	19387	2
2	2426	19400	1
2	2431	19460	0
2	2546	20442	1
2	2547	20444	0
2	2775	22110	1
2	2776	22112	0
2	2782	22114	1
2	2786	22134	2
2	2792	22147	3
2	2795	22223	2
2	2798	22229	1
2	2801	22255	0
2	2863	22662	1
2	2867	22679	2
2	2868	22706	1
2	2874	22708	2
2	2875	22710	1
2	2883	22779	2
2	2888	22787	1
2	2901	22849	2
2	2904	22863	1
2	2910	22863	2
2	2911	22872	1
2	2914	22877	0
2	2949	23149	1
2	2950	23151	0
2	3251	25812	1
2	3254	25870	0
2	3260	25878	1
2	3263	25973	0
2	3480	27908	1
2	3484	27911	2
2	3488	27930	3
2	3489	27931	2
2	3495	27967	3
2	3498	27991	2
2	3504	27999	3
2	3510	28056	4
2	3514	28074	5
2	3515	28076	4
2	3523	28109	5
2	3527	28128	6
2	3533	28196	7
2	3537	28199	8
2	3541	28214	9
2	3544	28234	8
2	3547	28257	7
2	3553	28274	8
2	3559	28326	9
2	3563	28331	10
2	3564	28332	9
2	3569	28375	8
2	3572	28387	7
2	3577	28431	6
2	3587	28577	5
2	3593	28591	6
2	3600	28664	5
2	3605	28688	4
2	3608	28690	3
2	3613	28708	2
2	3619	28710	3
2	3625	28763	4
2	3626	28768	3
2	3629	28772	2
2	3632	28799	1
2	3637	28802	0
2	3801	30297	1
2	3802	30298	0
2	3830	30552	1
2	3834	30560	2
2	3835	30586	1
2	3848	30631	2
2	3855	30722	1
2	3858	30726	0
2	3864	30735	1
2	3868	30736	2
2	3869	30743	1
2	3875	30750	2
2	3876	30761	1
2	3882	30778	2
2	3885	30788	1
2	3888	30836	0
2	3896	30875	1
2	3897	30888	0
2	4107	32653	1
2	4108	32671	0
2	4130	32764	1
2	4131	32766	0
2	4204	33229	1
2	4205	33275	0
2	4213	33300	1
2	4217	33329	2
2	4218	33331	1
2	4225	33437	0
2	4231	33442	1
2	4235	33456	2
2	4236	33461	1
2	4244	33488	2
2	4245	33531	1
2	4248	33534	0
2	4377	34550	1
2	4383	34556	2
2	4389	34567	3
2	4393	34581	4
2	4394	34601	3
2	4397	34617	2
2	4405	34625	3
2	4406	34652	2
2	4409	34671	1
2	4414	34716	0
2	4440	34890	1
2	4446	34975	2
2	4450	34996	3
2	4456	35037	4
2	4460	35044	5
2	4463	35074	4
2	4469	35100	5
2	4470	35114	4
2	4476	35126	5
2	4477	35127	4
2	4483	35127	5
2	4484	35132	4
2	4489	35141	3
2	4494	35231	2
2	4500	35232	3
2	4501	35251	2
2	4509	35307	3
2	4512	35388	2
2	4519	35459	1
2	4523	35479	0
2	4528	35479	1
2	4534	35531	2
2	4538	35537	3
2	4539	35540	2
2	4542	35562	1
2	4548	35572	2
2	4552	35577	3
2	4555	35586	2
2	4560	35652	1
2	4563	35653	0
2	4668	36269	1
2	4669	36287	0
2	4679	36322	1
2	4685	36392	2
2	4691	36460	3
2	4701	36618	4
2	4705	36653	5
2	4708	36675	4
2	4711	36703	3
2	4716	36744	2
2	4724	36837	3
2	4725	36851	2
2	4730	36903	1
2	4736	36916	2
2	4742	36933	3
2	4743	36938	2
2	4746	36950	1
2	4751	37051	0
2	5077	39505	1
2	5081	39536	2
2	5087	39566	3
2	5093	39661	4
2	5099	39703	5
2	5100	39720	4
2	5106	39736	5
2	5107	39744	4
2	5117	39845	5
2	5125	39947	6
2	5126	39949	5
2	5129	39960	4
2	5132	39963	3
2	5138	39972	4
2	5141	40048	3
2	5149	40097	4
2	5153	40114	5
2	5160	40289	4
2	5165	40359	3
2	5170	40399	2
2	5173	40430	1
2	5183	40523	0
2	5189	40526	1
2	5190	40552	0
2	5283	41106	1
2	5284	41120	0
2	5319	41395	1
2	5325	41420	2
2	5329	41438	3
2	5330	41441	2
2	5336	41466	3
2	5339	41473	2
2	5340	41473	1
2	5348	41511	2
2	5351	41598	1
2	5359	41611	2
2	5363	41639	3
2	5367	41640	4
2	5368	41663	3
2	5376	41666	4
2	5380	41679	5
2	5381	41713	4
2	5389	41731	5
2	5390	41746	4
2	5393	41788	3
2	5396	41791	2
2	5403	41875	1
2	5411	41980	2
2	5414	41990	1
2	5417	41996	0
2	5432	42071	1
2	5433	42087	0
2	5473	42285	1
2	5474	42290	0
2	5480	42297	1
2	5486	42341	2
2	5493	42509	1
2	5496	42557	0
2	5593	43228	1
2	5594	43253	0
2	5620	43400	1
2	5624	43413	2
2	5628	43444	3
2	5631	43479	2
2	5637	43509	1
2	5645	43527	2
2	5646	43532	1
2	5652	43538	2
2	5661	43600	1
2	5664	43606	0
2	5699	43888	1
2	5700	43896	0
2	5708	43907	1
2	5709	43909	0
2	5722	44005	1
2	5723	44011	0
2	5729	44031	1
2	5732	44074	0
2	5742	44136	1
2	5743	44149	0
2	5825	44778	1
2	5829	44789	2
2	5835	44810	3
2	5836	44857	2
2	5839	44859	1
2	5844	44880	0
2	5852	44936	1
2	5861	45008	2
2	5865	45012	3
2	5866	45018	2
2	5869	45031	1
2	5877	45111	2
2	5880	45155	1
2	5886	45171	2
2	5889	45226	1
2	5892	45229	0
2	5946	45652	1
2	5947	45688	0
2	5955	45696	1
2	5956	45717	0
2	6392	48908	1
2	6393	48915	0
2	6473	49609	1
2	6480	49634	2
2	6481	49634	3
2	6482	49662	2
2	6494	49696	3
2	6495	49711	2
2	6498	49712	1
2	6506	49754	2
2	6510	49755	3
2	6515	49807	2
2	6523	49869	3
2	6524	49873	2
2	6527	49885	1
2	6533	49898	2
2	6538	50016	1
2	6541	50017	0
2	6610	50493	1
2	6616	50511	2
2	6620	50522	3
2	6624	50535	4
2	6630	50592	5
2	6633	50638	4
2	6636	50669	3
2	6646	50794	4
2	6650	50810	5
2	6653	50848	4
2	6656	50858	3
2	6661	50884	2
2	6665	50906	1
2	6670	50906	2
2	6674	50934	3
2	6678	50935	4
2	6684	50983	5
2	6699	51044	6
2	6705	51092	7
2	6708	51158	6
2	6711	51167	5
2	6716	51211	4
2	6719	51212	3
2	6727	51270	4
2	6731	51273	5
2	6735	51290	6
2	6741	51352	7
2	6742	51355	6
2	6745	51377	5
2	6750	51407	4
2	6753	51412	3
2	6761	51469	4
2	6765	51490	5
2	6771	51507	4
2	6774	51517	3
2	6779	51578	2
2	6784	51594	1
2	6785	51594	0
2	6793	51606	1
2	6794	51608	0
2	6804	51677	1
2	6807	51720	0
2	6813	51775	1
2	6819	51788	2
2	6820	51806	1
2	6825	51853	0
2	6914	52632	1
2	6926	52700	2
2	6932	52795	3
2	6935	52805	2
2	6941	52822	3
2	6942	52854	2
2	6948	52859	3
2	6951	52886	2
2	6952	52886	1
2	6960	52893	2
2	6961	52925	1
2	6966	52977	0
2	7001	53191	1
2	7002	53194	0
2	7008	53214	1
2	7009	53237	0
2	7033	53341	1
2	7037	53358	2
2	7041	53361	3
2	7044	53408	2
2	7050	53417	3
2	7054	53419	4
2	7057	53503	3
2	7065	53529	4
2	7066	53535	3
2	7069	53547	2
2	7074	53608	1
2	7077	53622	0
2	7092	53667	1
2	7093	53679	0
2	7158	54013	1
2	7164	54040	2
2	7165	54042	1
2	7171	54043	2
2	7175	54062	3
2	7176	54069	2
2	7181	54081	1
2	7187	54096	2
2	7188	54102	1
2	7195	54118	0
2	7201	54143	1
2	7208	54213	0
2	7221	54244	1
2	7222	54266	0
2	7277	54686	1
2	7280	54766	0
2	7371	55434	1
2	7380	55544	2
2	7386	55566	3
2	7396	55665	4
2	7399	55688	3
2	7402	55711	2
2	7408	55712	3
2	7413	55769	2
2	7419	55788	3
2	7423	55801	4
2	7426	55851	3
2	7429	55853	2
2	7435	55867	3
2	7438	55902	2
2	7444	55913	3
2	7448	55929	4
2	7449	55930	3
2	7457	55950	4
2	7460	56022	3
2	7466	56023	4
2	7467	56037	3
2	7470	56058	2
2	7475	56094	1
2	7478	56102	0
2	7685	57788	1
2	7688	57829	0
2	7696	57858	1
2	7700	57905	2
2	7706	57921	3
2	7710	57945	4
2	7711	57972	3
2	7719	57989	4
2	7723	58001	5
2	7727	58012	6
2	7731	58014	7
2	7734	58088	6
2	7739	58123	5
2	7742	58152	4
2	7748	58172	5
2	7751	58213	4
2	7754	58222	3
2	7759	58261	2
2	7762	58268	1
2	7768	58273	2
2	7776	58395	3
2	7777	58412	2
2	7782	58436	1
2	7788	58454	2
2	7789	58468	1
2	7797	58502	0
2	7867	59067	1
2	7870	59117	0
2	7878	59141	1
2	7879	59148	0
2	7921	59424	1
2	7924	59477	0
2	7997	60037	1
2	7998	60039	0
2	8139	61272	1
2	8140	61280	0
2	8206	61782	1
2	8210	61788	2
2	8211	61794	1
2	8217	61819	2
2	8218	61823	1
2	8226	61835	2
2	8227	61843	1
2	8230	61871	0
2	8407	63435	1
2	8410	63501	0
2	8570	64819	1
2	8573	64894	0
2	8624	65177	1
2	8628	65201	2
2	8633	65298	1
2	8639	65299	2
2	8640	65311	1
2	8646	65313	2
2	8650	65332	3
2	8656	65397	4
2	8659	65409	3
2	8665	65411	4
2	8669	65413	5
2	8670	65428	4
2	8673	65432	3
2	8676	65437	2
2	8681	65513	1
2	8687	65522	2
2	8691	65530	3
2	8694	65570	2
2	8697	65589	1
2	8705	65631	2
2	8711	65681	3
2	8712	65705	2
2	8715	65720	1
2	8720	65732	0
2	8776	66037	1
2	8777	66047	0
2	8792	66061	1
2	8796	66062	2
2	8800	66083	3
2	8803	66121	2
2	8806	66145	1
2	8814	66194	2
2	8815	66196	1
2	8821	66226	2
2	8827	66269	3
2	8831	66280	4
2	8834	66305	3
2	8840	66321	4
2	8844	66342	5
2	8845	66361	4
2	8848	66365	3
2	8856	66373	4
2	8857	66405	3
2	8871	66458	4
2	8872	66495	3
2	8880	66510	4
2	8884	66512	5
2	8885	66520	4
2	8891	66528	5
2	8897	66564	6
2	8900	66642	5
2	8903	66682	4
2	8908	66690	3
2	8914	66706	4
2	8919	66819	3
2	8922	66828	2
2	8925	66857	1
2	8931	66863	2
2	8932	66873	1
2	8937	66889	0
2	9114	68498	1
2	9115	68502	0
2	9121	68516	1
2	9125	68525	2
2	9128	68552	1
2	9129	68552	0
2	9191	68939	1
2	9192	68984	0
2	9203	69032	1
2	9206	69120	0
2	9214	69125	1
2	9218	69136	2
2	9222	69152	3
2	9227	69259	2
2	9230	69283	1
2	9236	69298	2
2	9242	69328	3
2	9243	69350	2
2	9251	69401	3
2	9255	69402	4
2	9256	69405	3
2	9261	69442	2
2	9264	69448	1
2	9267	69451	0
2	9281	69549	1
2	9285	69552	2
2	9291	69574	3
2	9295	69582	4
2	9296	69583	3
2	9302	69628	4
2	9308	69634	5
2	9309	69648	4
2	9312	69674	3
2	9318	69685	4
2	9321	69723	3
2	9324	69729	2
2	9330	69731	3
2	9334	69735	4
2	9346	69860	3
2	9349	69864	2
2	9354	69943	1
2	9359	69964	0
2	9586	71841	1
2	9587	71870	0
2	9595	71876	1
2	9598	71949	0
2	9604	71996	1
2	9614	72021	0
2	9620	72031	1
2	9626	72069	2
2	9627	72078	1
2	9633	72086	2
2	9634	72099	1
2	9648	72205	2
2	9649	72236	1
2	9652	72255	0
2	9716	72641	1
2	9717	72646	0
2	9723	72648	1
2	9724	72655	0
2	9773	72946	1
2	9779	72984	2
2	9780	72989	1
2	9786	73016	2
2	9790	73023	3
2	9793	73041	2
2	9796	73065	1
2	9799	73087	0
2	9807	73091	1
2	9811	73118	2
2	9812	73121	1
2	9815	73122	0
2	9821	73144	1
2	9825	73147	2
2	9831	73195	3
2	9832	73214	2
2	9837	73217	1
2	9843	73229	2
2	9844	73242	1
2	9849	73292	0
2	10186	75963	1
2	10191	76051	0
2	10197	76056	1
2	10201	76062	2
2	10203	76096	1
2	10210	76096	2
2	10211	76155	1
2	10219	76163	2
2	10220	76195	1
2	10223	76200	0
2	10231	76266	1
2	10232	76288	0
2	10484	78475	1
2	10488	78492	2
2	10492	78504	3
2	10493	78519	2
2	10499	78523	3
2	10500	78527	2
2	10501	78527	1
2	10515	78657	2
2	10521	78736	3
2	10524	78796	2
2	10530	78800	3
2	10534	78816	4
2	10538	78817	5
2	10539	78832	4
2	10547	78895	5
2	10551	78909	6
2	10556	78989	5
2	10562	79007	6
2	10566	79027	7
2	10572	79052	8
2	10578	79153	9
2	10579	79164	8
2	10587	79197	9
2	10588	79223	8
2	10596	79270	9
2	10601	79375	8
2	10606	79468	7
2	10609	79474	6
2	10614	79498	5
2	10623	79511	6
2	10634	79623	5
2	10637	79625	4
2	10640	79644	3
2	10646	79668	4
2	10650	79676	5
2	10656	79708	6
2	10659	79762	5
2	10665	79782	6
2	10668	79811	5
2	10674	79815	6
2	10678	79829	7
2	10682	79843	8
2	10687	79967	7
2	10693	79984	8
2	10697	79987	9
2	10703	80060	10
2	10706	80079	9
2	10712	80081	10
2	10716	80084	11
2	10717	80090	10
2	10723	80099	11
2	10727	80109	12
2	10731	80119	13
2	10732	80120	12
2	10737	80133	11
2	10743	80154	12
2	10746	80197	11
2	10749	80207	10
2	10755	80212	11
2	10759	80216	12
2	10760	80228	11
2	10766	80245	12
2	10771	80336	11
2	10774	80359	10
2	10780	80372	11
2	10786	80409	12
2	10789	80485	11
2	10792	80505	10
2	10795	80509	9
2	10803	80551	10
2	10809	80580	11
2	10813	80581	12
2	10816	80654	11
2	10819	80677	10
2	10825	80683	11
2	10826	80692	10
2	10831	80725	9
2	10837	80738	10
2	10838	80749	9
2	10846	80779	10
2	10847	80794	9
2	10850	80812	8
2	10856	80812	9
2	10857	80817	8
2	10862	80834	7
2	10867	80912	6
2	10873	80934	7
2	10879	80991	8
2	10883	81011	7
2	10888	81028	6
2	10891	81071	5
2	10894	81082	4
2	10899	81091	3
2	10902	81100	2
2	10908	81149	3
2	10911	81161	2
2	10917	81193	3
2	10921	81209	4
2	10924	81277	3
2	10932	81289	4
2	10940	81341	5
2	10941	81342	4
2	10949	81399	5
2	10952	81435	4
2	10955	81455	3
2	10964	81548	2
2	10967	81596	1
2	10972	81626	0
2	10978	81635	1
2	10984	81681	2
2	10988	81710	3
2	10991	81737	2
2	10997	81743	3
2	11000	81795	2
2	11003	81806	1
2	11009	81840	2
2	11015	81870	3
2	11023	82034	4
2	11026	82071	3
2	11029	82086	2
2	11035	82088	3
2	11038	82131	2
2	11041	82156	1
2	11044	82167	0
2	11367	85092	1
2	11368	85119	0
2	11460	85742	1
2	11466	85772	2
2	11469	85856	1
2	11474	85896	0
3	0	0	0
4	25	72	72
4	31	124	124
4	55	390	198
4	60	408	280
4	68	528	272
4	105	786	786
4	114	836	260
4	117	878	366
4	126	924	540
4	138	982	918
4	150	1078	246
4	156	1096	648
4	162	1141	245
4	174	1260	940
4	178	1274	506
4	180	1274	314
4	189	1330	626
4	198	1390	110
4	210	1425	401
4	213	1443	99
4	216	1458	1458
4	221	1496	344
4	226	1511	871
4	235	1552	80
4	249	1766	550
4	259	1907	407
4	290	2083	419
4	297	2181	389
4	302	2299	1211
4	306	2353	497
4	308	2355	627
4	324	2448	400
4	338	2507	587
4	363	2698	1162
4	376	2792	616
4	388	2927	1519
4	390	2927	943
4	412	3065	1465
4	421	3118	118
4	425	3142	902
4	428	3160	1048
4	435	3195	507
4	444	3234	930
4	449	3270	518
4	462	3388	956
4	467	3403	779
4	470	3408	528
4	473	3411	595
4	492	3532	524
4	495	3535	975
4	498	3547	283
4	507	3584	384
4	509	3628	492
4	525	3741	797
4	529	3783	1287
4	538	3899	827
4	542	3956	1588
4	553	4082	626
4	564	4186	602
4	573	4236	908
4	575	4268	748
4	593	4538	890
4	602	4593	1201
4	613	4703	991
4	623	4847	347
4	646	5023	991
4	653	5044	1268
4	667	5118	1150
4	678	5242	1146
4	687	5279	927
4	689	5294	1006
4	698	5354	1514
4	705	5369	953
4	709	5381	1157
4	718	5476	932
4	741	5683	1075
4	763	5888	1728
4	767	5923	2019
4	772	5964	1228
4	781	6001	1073
4	790	6020	1540
4	794	6106	106
4	796	6119	1447
4	806	6219	219
4	817	6394	1402
4	828	6481	1681
4	847	6554	1434
4	849	6556	1244
4	853	6599	1735
4	869	6743	1495
4	882	6913	1473
4	897	7176	1672
4	899	7228	1852
4	933	7465	1641
4	936	7468	1836
4	948	7516	1948
4	952	7569	2385
4	961	7631	1679
4	972	7745	2049
4	974	7748	1860
4	996	7949	2893
4	998	7983	2223
4	1007	8044	2028
4	1009	8048	1904
4	1011	8055	555
4	1036	8278	2198
4	1045	8331	2123
4	1049	8399	2127
4	1062	8577	2241
4	1073	8763	2763
4	1077	8786	2258
4	1116	9127	2407
4	1119	9131	2475
4	1146	9376	2976
4	1149	9391	2799
4	1158	9409	2497
4	1165	9445	2981
4	1170	9489	489
4	1172	9518	2478
4	1181	9572	2724
4	1183	9594	2618
4	1187	9656	2488
4	1197	9716	2932
4	1205	9791	2367
4	1221	9876	2516
4	1230	9969	2737
4	1246	10051	2499
4	1248	10095	2479
4	1252	10133	2645
4	1254	10161	2417
4	1274	10410	2602
4	1288	10456	3352
4	1300	10507	2571
4	1320	10550	2422
4	1335	10666	2666
4	1338	10680	3000
4	1355	10826	2634
4	1358	10837	2581
4	1361	10840	3544
4	1363	10871	2999
4	1367	10913	413
4	1373	11015	2951
4	1380	11060	2740
4	1396	11161	2649
4	1405	11208	2440
4	1407	11212	2828
4	1416	11337	2889
4	1420	11371	2667
4	1431	11475	2899
4	1467	11947	3115
4	1503	12120	120
4	1507	12178	3154
4	1510	12196	3108
4	1525	12332	332
4	1528	12350	3710
4	1533	12366	3470
4	1536	12390	3046
4	1538	12414	3262
4	1542	12448	3232
4	1553	12597	3317
4	1559	12689	3153
4	1578	12763	3355
4	1587	12822	3862
4	1605	13005	3149
4	1607	13010	3538
4	1614	13046	3382
4	1620	13152	3232
4	1629	13247	3455
4	1638	13280	3680
4	1651	13469	3485
4	1669	13604	3364
4	1678	13673	173
4	1682	13707	3659
4	1703	13866	3434
4	1714	13976	4248
4	1716	13978	3482
4	1720	14021	3653
4	1727	14065	3953
4	1746	14110	3486
4	1748	14114	3810
4	1750	14116	3556
4	1764	14207	3391
4	1773	14211	3523
4	1777	14309	3429
4	1783	14409	3657
4	1800	14592	3648
4	1817	14728	3528
4	1826	14789	4613
4	1828	14807	3799
4	1834	14951	3815
4	1855	15127	3735
4	1863	15192	3928
4	1870	15197	197
4	1872	15215	3695
4	1888	15345	4017
4	1901	15493	4037
4	1924	15594	3882
4	1938	15649	3873
4	1941	15652	4004
4	1948	15666	3666
4	1958	15765	4181
4	1961	15775	3807
4	1974	15850	3946
4	1979	15877	3781
4	1981	15891	4051
4	1983	15912	3752
4	1992	15967	3743
4	2006	16032	4000
4	2017	16185	5113
4	2028	16270	3918
4	2035	16314	3898
4	2053	16483	3875
4	2069	16534	3734
4	2076	16570	3642
4	2081	16593	3921
4	2090	16649	4361
4	2092	16688	4144
4	2103	16783	4047
4	2123	17048	3992
4	2127	17128	4648
4	2136	17186	4002
4	2138	17195	4331
4	2140	17199	3951
4	2165	17342	3966
4	2169	17363	863
4	2171	17366	4374
4	2190	17431	3863
4	2192	17444	3748
4	2196	17520	4400
4	2210	17553	3921
4	2212	17580	4076
4	2221	17659	3835
4	2229	17816	4504
4	2252	17997	4045
4	2263	18071	4311
4	2272	18137	4249
4	2276	18210	210
4	2294	18294	4214
4	2298	18324	324
4	2327	18714	4442
4	2334	18725	4261
4	2338	18800	5360
4	2347	18853	4325
4	2356	18931	4787
4	2358	18943	4607
4	2377	18980	4580
4	2406	19282	4626
4	2409	19321	5305
4	2414	19344	4432
4	2427	19400	4680
4	2432	19460	4868
4	2438	19502	4654
4	2447	19520	4736
4	2453	19560	60
4	2462	19615	4575
4	2464	19618	4386
4	2466	19625	4521
4	2477	19732	5524
4	2479	19760	4784
4	2499	20019	4595
4	2508	20075	4907
4	2519	20180	4628
4	2548	20444	5084
4	2551	20455	4711
4	2555	20482	4674
4	2564	20607	4991
4	2575	20721	5233
4	2583	20874	4938
4	2610	21139	139
4	2612	21156	5284
4	2614	21170	5490
4	2635	21340	6044
4	2639	21350	5094
4	2641	21363	5171
4	2650	21417	5097
4	2666	21528	5016
4	2668	21547	5483
4	2670	21566	5118
4	2684	21607	5479
4	2686	21618	5042
4	2709	21802	5098
4	2718	21856	4960
4	2721	21888	5120
4	2734	21925	5285
4	2743	21973	5589
4	2745	21974	5142
4	2759	22067	4851
4	2777	22112	6112
4	2796	22223	4879
4	2799	22229	4949
4	2802	22255	5103
4	2805	22260	4660
4	2809	22305	5345
4	2811	22308	5220
4	2813	22312	4904
4	2852	22606	5582
4	2869	22706	5170
4	2876	22710	4790
4	2885	22782	282
4	2889	22787	5123
4	2903	22858	4858
4	2906	22863	4879
4	2912	22872	5400
4	2915	22877	4701
4	2918	22910	4798
4	2927	22975	4927
4	2931	23011	5283
4	2951	23151	5295
4	2954	23158	4918
4	2965	23257	5465
4	2967	23264	4960
4	2981	23333	4581
4	2990	23389	5021
4	2994	23448	4888
4	3001	23460	5028
4	3005	23489	4673
4	3012	23536	4848
4	3014	23540	4596
4	3030	23637	4757
4	3046	23807	4735
4	3055	23853	4589
4	3062	23867	5243
4	3066	23880	4680
4	3070	23942	4934
4	3092	24255	255
4	3110	24595	595
4	3124	24684	5356
4	3146	25022	5502
4	3159	25162	6666
4	3170	25293	5901
4	3182	25324	6188
4	3184	25331	5683
4	3186	25335	5879
4	3195	25405	5821
4	3220	25586	5682
4	3225	25664	5696
4	3228	25665	165
4	3255	25870	6158
4	3264	25973	5941
4	3269	25999	6159
4	3273	26098	6322
4	3275	26110	5758
4	3291	26209	6113
4	3307	26343	5927
4	3309	26348	6060
4	3327	26536	6312
4	3338	26638	6030
4	3347	26710	6550
4	3349	26730	5930
4	3358	26805	5941
4	3360	26806	6134
4	3367	26811	6331
4	3378	26928	6000
4	3382	26945	5889
4	3406	27123	6131
4	3412	27207	6023
4	3420	27297	6561
4	3427	27316	316
4	3444	27602	7058
4	3453	27667	6547
4	3490	27931	6491
4	3499	27991	6743
4	3516	28076	6572
4	3545	28234	6538
4	3548	28257	6881
4	3565	28332	6764
4	3570	28375	7063
4	3573	28387	6563
4	3578	28431	6415
4	3588	28577	6625
4	3601	28664	7032
4	3606	28688	6544
4	3609	28690	6482
4	3612	28704	204
4	3614	28708	6948
4	3627	28768	6496
4	3630	28772	6244
4	3633	28799	6911
4	3638	28802	6146
4	3643	28898	6562
4	3645	28907	6507
4	3649	28945	6865
4	3658	29055	6591
4	3667	29067	6475
4	3675	29273	6489
4	3690	29511	6663
4	3709	29608	6632
4	3711	29614	6574
4	3722	29719	6615
4	3729	29753	6841
4	3733	29760	6528
4	3742	29885	6717
4	3753	29990	6630
4	3783	30205	6909
4	3803	30298	6746
4	3808	30341	6917
4	3810	30378	6890
4	3836	30586	6842
4	3850	30639	6639
4	3856	30722	8002
4	3859	30726	726
4	3870	30743	6935
4	3877	30761	6697
4	3886	30788	7108
4	3889	30836	6964
4	3898	30888	6952
4	3901	30901	7285
4	3903	30910	6590
4	3911	30966	966
4	3924	31111	6983
4	3926	31119	6863
4	3928	31125	6933
4	3943	31383	6935
4	3969	31565	7181
4	3976	31609	6841
4	3984	31643	143
4	3993	31721	7145
4	4004	31822	7822
4	4013	31912	7400
4	4024	32056	7224
4	4035	32130	7042
4	4037	32147	7251
4	4050	32342	7638
4	4052	32369	7729
4	4075	32528	7376
4	4087	32570	7226
4	4091	32586	7626
4	4109	32671	7199
4	4112	32680	7272
4	4114	32688	7472
4	4132	32766	7038
4	4137	32769	7745
4	4139	32788	7188
4	4150	32914	7058
4	4154	32969	7305
4	4175	33037	37
4	4179	33137	7089
4	4183	33167	7887
4	4206	33275	7099
4	4219	33331	7347
4	4226	33437	7325
4	4237	33461	7157
4	4246	33531	7035
4	4249	33534	7294
4	4254	33552	7632
4	4256	33566	8030
4	4265	33629	7069
4	4267	33660	7292
4	4296	34013	7325
4	4307	34124	7372
4	4311	34203	8411
4	4313	34215	7399
4	4324	34342	7398
4	4333	34385	7313
4	4345	34409	7273
4	4354	34448	7568
4	4379	34552	52
4	4395	34601	8169
4	4398	34617	7353
4	4407	34652	8028
4	4410	34671	7663
4	4415	34716	7260
4	4420	34794	7466
4	4429	34838	7638
4	4464	35074	7362
4	4471	35114	7274
4	4479	35127	7351
4	4485	35132	7548
4	4490	35141	7749
4	4495	35231	7071
4	4502	35251	7347
4	4513	35388	7740
4	4520	35459	7235
4	4526	35479	7959
4	4540	35540	7444
4	4543	35562	7530
4	4556	35586	7042
4	4561	35652	7172
4	4564	35653	7237
4	4567	35673	7705
4	4569	35682	7330
4	4583	35731	7443
4	4585	35737	6937
4	4599	35827	6963
4	4603	35842	6914
4	4605	35844	7236
4	4612	35875	7139
4	4623	35995	7323
4	4636	36138	7082
4	4670	36287	287
4	4675	36301	301
4	4709	36675	7683
4	4712	36703	7455
4	4717	36744	7624
4	4726	36851	7667
4	4731	36903	7207
4	4744	36938	7626
4	4747	36950	7446
4	4752	37051	7611
4	4757	37086	7262
4	4759	37099	7531
4	4768	37147	7195
4	4779	37253	7877
4	4793	37354	7338
4	4804	37486	7854
4	4806	37490	7730
4	4815	37501	1
4	4826	37581	7501
4	4828	37611	7723
4	4830	37615	7615
4	4841	37749	7605
4	4862	37844	7636
4	4864	37863	7399
4	4880	37968	7376
4	4900	38213	7941
4	4902	38268	7740
4	4911	38324	7668
4	4922	38441	7529
4	4928	38549	8213
4	4934	38685	7901
4	4953	38762	8042
4	4962	38817	7649
4	4964	38847	7999
4	4987	38989	7693
4	4992	39006	7774
4	5001	39045	8645
4	5017	39101	7677
4	5021	39107	7619
4	5023	39108	108
4	5025	39109	8133
4	5041	39267	7651
4	5059	39443	8403
4	5066	39471	8367
4	5101	39720	7848
4	5109	39744	8384
4	5127	39949	7949
4	5130	39960	8216
4	5133	39963	8283
4	5142	40048	8112
4	5161	40289	8097
4	5166	40359	8807
4	5171	40399	8591
4	5174	40430	8110
4	5184	40523	8459
4	5191	40552	8104
4	5196	40604	8092
4	5206	40721	221
4	5208	40743	8615
4	5212	40783	8527
4	5219	40821	8181
4	5228	40864	8096
4	5252	41016	8632
4	5258	41033	8009
4	5260	41043	8339
4	5263	41048	8472
4	5285	41120	8032
4	5288	41126	8294
4	5290	41138	7922
4	5294	41175	8023
4	5331	41441	8545
4	5341	41473	8513
4	5343	41473	8129
4	5352	41598	8318
4	5369	41663	8127
4	5382	41713	8113
4	5391	41746	8018
4	5394	41788	8124
4	5397	41791	8319
4	5404	41875	8467
4	5415	41990	8006
4	5418	41996	7884
4	5434	42087	8167
4	5437	42104	7928
4	5446	42138	7898
4	5448	42161	8369
4	5457	42187	7819
4	5475	42290	290
4	5494	42509	8653
4	5497	42557	8061
4	5502	42566	8134
4	5510	42649	649
4	5512	42664	8360
4	5521	42707	8019
4	5523	42734	7982
4	5539	42864	8816
4	5545	42975	8095
4	5554	43025	8017
4	5575	43195	8571
4	5579	43212	8268
4	5595	43253	7989
4	5600	43285	8725
4	5602	43298	8482
4	5632	43479	8279
4	5638	43509	8053
4	5647	43532	7884
4	5660	43585	85
4	5662	43600	8528
4	5665	43606	8022
4	5670	43649	8321
4	5672	43653	7941
4	5686	43771	8379
4	5701	43896	7928
4	5710	43909	8069
4	5724	44011	8491
4	5733	44074	8298
4	5738	44119	8119
4	5744	44149	9013
4	5749	44177	8273
4	5760	44341	8181
4	5762	44343	8119
4	5771	44383	8031
4	5775	44425	8393
4	5784	44502	8214
4	5795	44629	8021
4	5809	44723	7987
4	5837	44857	8313
4	5840	44859	8763
4	5845	44880	8080
4	5867	45018	8602
4	5870	45031	8359
4	5881	45155	8099
4	5890	45226	8746
4	5893	45229	7981
4	5896	45242	7930
4	5900	45277	8093
4	5908	45348	348
4	5910	45364	8500
4	5912	45373	8381
4	5948	45688	8248
4	5957	45717	8149
4	5960	45718	8086
4	5962	45728	8224
4	5971	45775	8015
4	5973	45783	8663
4	5975	45784	8856
4	5991	45930	8042
4	5993	45951	8127
4	6019	46069	7925
4	6028	46105	8089
4	6035	46132	8180
4	6039	46159	7887
4	6041	46187	8491
4	6048	46207	8831
4	6060	46249	8169
4	6064	46253	7917
4	6080	46354	7762
4	6084	46420	7892
4	6110	46789	8069
4	6122	46844	8380
4	6126	46860	360
4	6128	46882	8226
4	6141	47064	8664
4	6152	47204	8228
4	6170	47407	8623
4	6176	47510	8470
4	6190	47586	8418
4	6199	47635	9427
4	6206	47644	8732
4	6215	47713	8417
4	6219	47773	8541
4	6238	47863	9015
4	6245	47868	8444
4	6249	47882	8394
4	6251	47889	8785
4	6255	47962	8346
4	6273	48078	8334
4	6291	48166	166
4	6293	48169	169
4	6300	48185	8825
4	6315	48404	8724
4	6317	48440	8888
4	6337	48657	8657
4	6344	48680	8616
4	6358	48764	8892
4	6372	48810	8618
4	6381	48881	9073
4	6394	48915	8787
4	6399	49007	8431
4	6403	49053	9117
4	6412	49125	8869
4	6416	49202	8754
4	6436	49428	8788
4	6438	49442	9058
4	6455	49533	8829
4	6483	49662	9150
4	6496	49711	8943
4	6499	49712	8688
4	6512	49776	276
4	6516	49807	8975
4	6525	49873	8913
4	6528	49885	8797
4	6539	50016	8864
4	6542	50017	9697
4	6547	50062	9166
4	6554	50105	8761
4	6558	50173	8765
4	6569	50282	8746
4	6571	50295	9079
4	6580	50332	8860
4	6601	50447	8719
4	6634	50638	8782
4	6637	50669	8877
4	6654	50848	9568
4	6657	50858	9258
4	6662	50884	8708
4	6668	50906	8986
4	6695	51032	32
4	6709	51158	9174
4	6712	51167	9055
4	6717	51211	9163
4	6720	51212	8780
4	6743	51355	8795
4	6746	51377	8881
4	6751	51407	9743
4	6754	51412	9172
4	6772	51507	9203
4	6775	51517	8893
4	6780	51578	8890
4	6786	51594	8650
4	6788	51594	8714
4	6795	51608	8536
4	6800	51664	9664
4	6808	51720	8904
4	6821	51806	9438
4	6826	51853	8845
4	6829	51869	8541
4	6831	51889	8625
4	6833	51896	9144
4	6844	51969	8577
4	6857	52185	8985
4	6870	52382	8926
4	6879	52434	8914
4	6891	52528	8752
4	6922	52673	173
4	6936	52805	8837
4	6943	52854	8950
4	6953	52886	9174
4	6955	52886	9750
4	6962	52925	8829
4	6967	52977	9393
4	6972	52995	8707
4	6979	53020	9372
4	6981	53046	8630
4	7003	53194	8714
4	7010	53237	8885
4	7015	53254	9222
4	7017	53276	8732
4	7045	53408	8608
4	7058	53503	9663
4	7067	53535	9375
4	7070	53547	9323
4	7075	53608	8744
4	7078	53622	9014
4	7083	53644	8908
4	7094	53679	8559
4	7099	53701	8645
4	7101	53704	8392
4	7103	53717	9045
4	7112	53797	8613
4	7114	53803	8811
4	7123	53860	8484
4	7166	54042	8794
4	7177	54069	69
4	7182	54081	8641
4	7189	54102	8598
4	7196	54118	8294
4	7205	54149	149
4	7209	54213	9285
4	7212	54217	8521
4	7223	54266	8634
4	7228	54279	8711
4	7230	54303	8415
4	7241	54402	8322
4	7250	54471	8711
4	7261	54628	8676
4	7281	54766	8494
4	7286	54819	8483
4	7288	54827	8683
4	7292	54870	8662
4	7299	54910	8510
4	7303	54914	8898
4	7319	55091	8435
4	7330	55204	8484
4	7346	55356	8828
4	7360	55422	8638
4	7400	55688	9224
4	7403	55711	8543
4	7410	55731	231
4	7414	55769	8857
4	7427	55851	9259
4	7430	55853	9005
4	7439	55902	8478
4	7450	55930	8826
4	7461	56022	8726
4	7468	56037	8805
4	7471	56058	8698
4	7476	56094	9054
4	7479	56102	8486
4	7484	56129	8449
4	7486	56131	8643
4	7493	56190	9214
4	7499	56266	8394
4	7512	56476	8668
4	7526	56534	8982
4	7528	56564	8628
4	7536	56721	8977
4	7561	56990	8926
4	7568	57024	9024
4	7570	57039	9039
4	7581	57073	73
4	7596	57287	9095
4	7599	57344	9216
4	7607	57371	9051
4	7623	57485	9037
4	7625	57492	8980
4	7634	57570	8994
4	7648	57632	8992
4	7667	57713	9329
4	7676	57743	8975
4	7689	57829	8869
4	7712	57972	9140
4	7735	58088	9192
4	7740	58123	9035
4	7743	58152	9896
4	7752	58213	8805
4	7755	58222	8878
4	7760	58261	9237
4	7763	58268	9052
4	7778	58412	8876
4	7783	58436	8772
4	7790	58468	8996
4	7798	58502	9350
4	7807	58567	9863
4	7814	58603	8747
4	7816	58604	9324
4	7820	58630	130
4	7834	58723	8931
4	7849	58965	9237
4	7853	59023	9423
4	7871	59117	9133
4	7880	59148	9228
4	7883	59164	8796
4	7892	59238	9190
4	7896	59272	8840
4	7898	59283	9043
4	7925	59477	8789
4	7928	59480	9304
4	7930	59516	9020
4	7945	59734	9174
4	7959	59812	9188
4	7968	59897	8889
4	7974	59970	9154
4	7999	60039	9927
4	8002	60072	9128
4	8006	60097	8961
4	8008	60112	9360
4	8035	60338	9266
4	8037	60346	346
4	8041	60353	9473
4	8043	60365	10061
4	8057	60444	8988
4	8061	60489	9225
4	8063	60505	505
4	8093	60766	9246
4	8095	60774	9190
4	8108	60986	9594
4	8112	61010	9682
4	8141	61280	10080
4	8146	61366	9654
4	8148	61370	9530
4	8152	61399	9495
4	8163	61587	9811
4	8169	61621	121
4	8195	61727	9631
4	8212	61794	9762
4	8219	61823	10175
4	8228	61843	9875
4	8231	61871	9711
4	8238	61994	9706
4	8242	62063	9839
4	8251	62112	9632
4	8253	62135	9783
4	8272	62199	9783
4	8285	62375	9767
4	8287	62378	9642
4	8289	62382	9838
4	8311	62693	9701
4	8320	62775	9847
4	8322	62778	9978
4	8336	62796	9548
4	8340	62878	9758
4	8344	62927	9743
4	8357	63064	64
4	8368	63224	10360
4	8384	63312	9872
4	8411	63501	10445
4	8414	63504	9936
4	8423	63595	9899
4	8425	63606	10102
4	8443	63775	10463
4	8447	63836	10204
4	8458	63993	10169
4	8464	64080	11408
4	8478	64131	10131
4	8487	64213	10453
4	8489	64222	10846
4	8493	64310	10422
4	8527	64586	86
4	8529	64600	10584
4	8533	64703	10559
4	8542	64728	10456
4	8554	64761	10425
4	8574	64894	10494
4	8579	64899	10307
4	8588	64995	10915
4	8597	65040	10576
4	8606	65112	10904
4	8613	65132	10220
4	8634	65298	10578
4	8641	65311	10335
4	8660	65409	10369
4	8671	65428	11476
4	8674	65432	10776
4	8677	65437	10269
4	8682	65513	10409
4	8695	65570	10722
4	8698	65589	11061
4	8713	65705	10281
4	8716	65720	10424
4	8721	65732	10500
4	8724	65756	10396
4	8726	65770	10986
4	8742	65905	10417
4	8744	65913	10361
4	8748	65949	10269
4	8778	66047	10431
4	8783	66053	10117
4	8804	66121	10249
4	8807	66145	10401
4	8816	66196	10068
4	8835	66305	10049
4	8846	66361	10553
4	8849	66365	9981
4	8858	66405	10405
4	8865	66412	412
4	8873	66495	495
4	8886	66520	10456
4	8901	66642	9938
4	8904	66682	10234
4	8909	66690	10370
4	8920	66819	10243
4	8923	66828	10188
4	8926	66857	9897
4	8933	66873	10681
4	8938	66889	9865
4	8941	66890	9674
4	8943	66895	9743
4	8950	66933	9845
4	8954	66949	10117
4	8956	66972	10460
4	8987	67426	10530
4	8996	67542	10774
4	9021	67777	10241
4	9023	67813	10533
4	9030	67834	10106
4	9034	67853	10445
4	9036	67894	10550
4	9044	67957	457
4	9064	68193	10337
4	9073	68239	10575
4	9087	68292	10244
4	9098	68442	10970
4	9116	68502	10582
4	9130	68552	10568
4	9132	68552	10312
4	9136	68554	10762
4	9137	68554	10378
4	9144	68599	10167
4	9150	68697	10329
4	9166	68824	10520
4	9180	68872	10184
4	9193	68984	10424
4	9208	69120	10496
4	9228	69259	11659
4	9231	69283	10787
4	9244	69350	10470
4	9257	69405	10589
4	9262	69442	10434
4	9265	69448	10696
4	9268	69451	10251
4	9275	69476	476
4	9297	69583	10639
4	9310	69648	10320
4	9313	69674	11562
4	9322	69723	10651
4	9325	69729	10145
4	9343	69822	9822
4	9347	69860	10404
4	9350	69864	10728
4	9355	69943	10679
4	9360	69964	10060
4	9363	69970	10258
4	9365	69998	10606
4	9379	70019	10371
4	9381	70062	10094
4	9390	70107	10075
4	9399	70202	10362
4	9403	70236	10076
4	9431	70502	10726
4	9433	70509	10157
4	9442	70574	10286
4	9448	70708	11188
4	9457	70766	10542
4	9465	70921	10377
4	9487	71104	10688
4	9499	71167	11071
4	9503	71174	10374
4	9505	71209	10601
4	9512	71275	775
4	9528	71316	10644
4	9535	71354	10490
4	9546	71483	10491
4	9562	71611	10875
4	9575	71802	11322
4	9588	71870	10750
4	9599	71949	10893
4	9615	72021	10581
4	9628	72078	10830
4	9635	72099	10531
4	9650	72236	11052
4	9653	72255	10943
4	9658	72262	262
4	9660	72292	11364
4	9664	72324	324
4	9666	72338	10834
4	9675	72405	11029
4	9679	72500	10868
4	9705	72608	10784
4	9718	72646	10950
4	9725	72655	10575
4	9728	72656	10704
4	9735	72669	10397
4	9737	72681	10665
4	9741	72757	10997
4	9750	72811	10603
4	9781	72989	10589
4	9794	73041	10705
4	9797	73065	10345
4	9800	73087	11199
4	9813	73121	10273
4	9816	73122	10978
4	9833	73214	10686
4	9838	73217	10625
4	9845	73242	10458
4	9850	73292	10252
4	9853	73317	10661
4	9859	73451	10219
4	9861	73457	10289
4	9879	73573	73
4	9885	73725	11261
4	9898	73861	10885
4	9900	73872	10768
4	9921	73995	10699
4	9925	74049	10497
4	9941	74191	10831
4	9943	74202	10714
4	9959	74311	10695
4	9965	74452	10772
4	9986	74565	11141
4	9988	74606	10862
4	9992	74645	10837
4	10010	74822	11910
4	10019	74896	10960
4	10033	75055	10799
4	10042	75127	11255
4	10051	75136	11072
4	10062	75177	10793
4	10076	75221	221
4	10078	75240	10920
4	10082	75281	11281
4	10084	75286	11158
4	10093	75331	10883
4	10095	75335	11143
4	10114	75420	10780
4	10125	75532	10700
4	10127	75567	10799
4	10134	75599	10895
4	10150	75693	11181
4	10156	75782	10886
4	10168	75823	11247
4	10192	76051	11091
4	10207	76096	11008
4	10212	76155	11003
4	10221	76195	10915
4	10224	76200	11176
4	10234	76288	10944
4	10238	76296	10696
4	10242	76358	11142
4	10244	76380	10844
4	10246	76388	10980
4	10277	76751	11087
4	10286	76820	11092
4	10295	76924	11132
4	10301	77016	516
4	10318	77133	11149
4	10319	77133	11133
4	10330	77273	11801
4	10339	77343	11423
4	10341	77358	11310
4	10369	77511	11271
4	10371	77545	11689
4	10389	77737	11625
4	10391	77742	11246
4	10399	77760	11328
4	10402	77782	11478
4	10406	77827	11651
4	10430	78078	78
4	10441	78157	11789
4	10452	78299	299
4	10468	78436	11684
4	10494	78519	11639
4	10502	78527	11903
4	10504	78527	11711
4	10525	78796	12108
4	10540	78832	11760
4	10557	78989	11981
4	10580	79164	12028
4	10589	79223	11767
4	10602	79375	12815
4	10607	79468	12524
4	10610	79474	12146
4	10615	79498	12234
4	10629	79534	34
4	10635	79623	12231
4	10638	79625	11977
4	10641	79644	12444
4	10660	79762	12242
4	10669	79811	12227
4	10688	79967	12255
4	10707	80079	11919
4	10718	80090	12314
4	10733	80120	12280
4	10738	80133	12101
4	10747	80197	12229
4	10750	80207	11791
4	10761	80228	11876
4	10772	80336	12432
4	10775	80359	12071
4	10790	80485	11749
4	10793	80505	11705
4	10796	80509	11837
4	10817	80654	12430
4	10820	80677	12069
4	10827	80692	11764
4	10832	80725	12245
4	10839	80749	12205
4	10848	80794	11802
4	10852	80812	11948
4	10858	80817	12721
4	10863	80834	11714
4	10868	80912	11664
4	10884	81011	11827
4	10889	81028	11972
4	10892	81071	11759
4	10895	81082	11450
4	10900	81091	11331
4	10903	81100	11724
4	10912	81161	11465
4	10925	81277	11261
4	10942	81342	11774
4	10953	81435	11547
4	10956	81455	11311
4	10961	81478	478
4	10965	81548	11724
4	10968	81596	11644
4	10973	81626	12186
4	10992	81737	11529
4	11001	81795	12291
4	11004	81806	11278
4	11027	82071	11671
4	11030	82086	11814
4	11039	82131	11475
4	11042	82156	11820
4	11045	82167	11575
4	11050	82196	11412
4	11059	82285	11309
4	11063	82355	11635
4	11083	82536	36
4	11085	82554	12474
4	11100	82810	12346
4	11104	82850	11810
4	11118	82925	12077
4	11122	82999	11895
4	11126	83009	11777
4	11147	83161	11673
4	11158	83303	12391
4	11160	83326	11902
4	11169	83378	11826
4	11173	83406	12046
4	11187	83514	11898
4	11191	83545	12377
4	11205	83618	12322
4	11207	83630	11886
4	11225	83832	11960
4	11238	83984	11984
4	11269	84251	251
4	11273	84301	301
4	11275	84337	12337
4	11291	84466	12402
4	11304	84647	12391
4	11315	84766	12638
4	11331	84904	12584
4	11338	84916	13108
4	11347	84936	13000
4	11354	84977	12785
4	11369	85119	12735
4	11374	85131	12619
4	11376	85134	12558
4	11378	85136	13456
4	11387	85202	12370
4	11401	85284	12644
4	11415	85357	12397
4	11419	85384	12616
4	11421	85403	12955
4	11437	85575	12679
4	11470	85856	13152
4	11475	85896	12680
4	11478	85925	12837
4	11480	85940	12788
4	11488	86009	509
4	11503	86249	12905
4	11507	86283	13259
4	11509	86322	12786

