version 3
run General-8-20240513-00:17:03-20028
attr configname General
attr datetime 20240513-00:17:03
attr datetimef 20240513-001703
attr experiment General
attr inifile omnetpp.ini
attr iterationvars ""
attr iterationvarsd ""
attr iterationvarsf ""
attr measurement ""
attr network AirportControl
attr processid 20028
attr repetition 8
attr replication #8
attr resultdir results
attr runnumber 8
attr seedset 8
config network AirportControl
config repeat 10
config simtime-resolution s
config sim-time-limit 1440min
config **.PrioT_PCT.jobType 0
config **.PrioT_PCF.jobType 1
config **.PrioF_PCT.jobType 2
config **.PrioF_PCF.jobType 3
config **.PrioT_PCT.probArrival 0.04
config **.PrioT_PCF.probArrival 0.01
config **.PrioF_PCT.probArrival 0.01
config **.PrioF_PCF.probArrival 0.94
config **.PrioT_PCT.interarrivalRateRush 0.4min
config **.PrioT_PCF.interarrivalRateRush 0.4min
config **.PrioF_PCT.interarrivalRateRush 0.4min
config **.PrioF_PCF.interarrivalRateRush 0.4min
config **.PrioF_PCF.interarrivalRateNormal 1min
config **.PrioT_PCT.interarrivalRateNormal 1min
config **.PrioF_PCT.interarrivalRateNormal 1min
config **.PrioT_PCF.interarrivalRateNormal 1min
config **.PrioF_PCF.numberOfPeaks 4
config **.PrioF_PCT.numberOfPeaks 4
config **.PrioT_PCF.numberOfPeaks 4
config **.PrioT_PCT.numberOfPeaks 4
config **.PrioF_PCF.durationOfPeaks 150min
config **.PrioF_PCT.durationOfPeaks 150min
config **.PrioT_PCF.durationOfPeaks 150min
config **.PrioT_PCT.durationOfPeaks 150min
config **.PrioT_Server.serviceTime exponential(3min)
config **.PrioF_Server3.serviceTime exponential(5min)
config **.PrioF_Server2.serviceTime exponential(5min)
config **.PrioF_Server1.serviceTime exponential(5min)
config **.PrioF_Server0.serviceTime exponential(5min)
config **.NoPC_Server0.serviceTime exponential(3min)
config **.NoPC_Server3.serviceTime exponential(3min)
config **.NoPC_Server2.serviceTime exponential(3min)
config **.NoPC_Server1.serviceTime exponential(3min)
config **.PC_Server0.serviceTime exponential(1min)
config **.PC_Server1.serviceTime exponential(1min)

vector 0 AirportControl.PrioF_PQ queueLength:vector ETV
attr interpolationmode sample-hold
attr recordingmode vector
attr title "queue length"
vector 1 AirportControl.PrioT_PQ queueLength:vector ETV
attr interpolationmode sample-hold
attr recordingmode vector
attr title "queue length"
vector 2 AirportControl.NoPC_PQ queueLength:vector ETV
attr interpolationmode sample-hold
attr recordingmode vector
attr title "queue length"
vector 3 AirportControl.PC_PQ queueLength:vector ETV
attr interpolationmode sample-hold
attr recordingmode vector
attr title "queue length"
vector 4 AirportControl.sink lifeTime:vector ETV
attr interpolationmode none
attr recordingmode vector
attr title "lifetime of arrived jobs"
attr unit s
0	0	0	0
0	28	256	1
0	29	270	0
0	37	320	1
0	46	384	2
0	47	419	1
0	53	448	2
0	59	512	3
0	63	576	4
0	65	640	5
0	66	674	4
0	71	703	3
0	77	704	4
0	83	768	5
0	84	779	4
0	89	828	3
0	95	832	4
0	99	896	5
0	100	925	4
0	106	960	5
0	107	974	4
0	113	1024	5
0	114	1038	4
0	121	1071	3
0	131	1088	4
0	135	1152	5
0	136	1160	4
0	142	1216	5
0	148	1280	6
0	149	1327	5
0	155	1344	6
0	156	1361	5
0	163	1403	4
0	169	1408	5
0	170	1412	4
0	177	1429	3
0	184	1449	2
0	192	1472	3
0	193	1486	2
0	203	1525	1
0	208	1527	0
0	213	1536	1
0	225	1586	0
0	231	1600	1
0	237	1664	2
0	238	1701	1
0	244	1728	2
0	247	1736	1
0	253	1792	2
0	257	1856	3
0	258	1863	2
0	266	1920	3
0	270	1984	4
0	272	2048	5
0	276	2112	6
0	278	2176	7
0	280	2240	8
0	282	2304	9
0	284	2368	10
0	285	2380	9
0	290	2389	8
0	296	2432	9
0	301	2454	8
0	307	2496	9
0	308	2519	8
0	314	2560	9
0	315	2598	8
0	323	2624	9
0	326	2669	8
0	332	2688	9
0	338	2752	10
0	339	2785	9
0	347	2816	10
0	349	2880	11
0	351	2944	12
0	352	2952	11
0	357	2955	10
0	368	3008	11
0	369	3046	10
0	377	3072	11
0	378	3118	10
0	384	3136	11
0	394	3200	12
0	395	3242	11
0	401	3264	12
0	405	3328	13
0	407	3392	14
0	408	3432	13
0	413	3436	12
0	420	3439	11
0	425	3442	10
0	433	3456	11
0	437	3520	12
0	439	3584	13
0	442	3618	12
0	448	3648	13
0	452	3712	14
0	453	3718	13
0	458	3730	12
0	466	3776	13
0	470	3840	14
0	473	3881	13
0	479	3904	14
0	480	3907	13
0	481	3907	12
0	490	3944	11
0	498	3968	12
0	499	3993	11
0	500	3993	10
0	514	4032	11
0	516	4096	12
0	520	4160	13
0	521	4203	12
0	526	4223	11
0	532	4224	12
0	538	4288	13
0	542	4352	14
0	543	4378	13
0	551	4416	14
0	553	4480	15
0	560	4544	16
0	565	4597	15
0	571	4608	16
0	575	4672	17
0	579	4736	18
0	580	4784	17
0	586	4800	18
0	588	4864	19
0	589	4869	18
0	595	4928	19
0	599	4992	20
0	601	5056	21
0	602	5065	20
0	609	5083	19
0	616	5086	18
0	623	5107	17
0	628	5109	16
0	634	5120	17
0	640	5184	18
0	641	5239	17
0	647	5248	18
0	648	5256	17
0	653	5278	16
0	654	5278	15
0	665	5301	14
0	670	5312	15
0	672	5376	16
0	676	5411	15
0	681	5440	16
0	682	5482	15
0	687	5504	16
0	691	5552	15
0	695	5566	14
0	700	5568	15
0	701	5590	14
0	709	5632	15
0	710	5687	14
0	714	5689	13
0	719	5696	14
0	720	5697	13
0	724	5731	12
0	732	5760	13
0	740	5824	14
0	741	5831	13
0	749	5888	14
0	753	5903	13
0	761	5952	14
0	772	6000	15
0	776	6016	16
0	780	6048	15
0	785	6080	16
0	789	6094	15
0	796	6131	14
0	801	6144	15
0	806	6208	16
0	809	6263	15
0	815	6272	16
0	826	6336	17
0	827	6356	16
0	836	6388	15
0	845	6400	16
0	849	6435	15
0	855	6464	16
0	860	6526	15
0	866	6528	16
0	869	6541	15
0	875	6592	16
0	879	6656	17
0	880	6678	16
0	885	6683	15
0	892	6720	16
0	894	6728	15
0	901	6784	14
0	905	6784	15
0	908	6787	14
0	920	6848	15
0	922	6912	16
0	923	6958	15
0	929	6976	16
0	932	7031	15
0	937	7034	14
0	943	7040	15
0	947	7104	16
0	950	7167	15
0	956	7168	16
0	960	7232	17
0	961	7244	16
0	966	7253	15
0	972	7296	16
0	976	7360	17
0	980	7424	18
0	982	7488	19
0	991	7552	20
0	997	7616	21
0	999	7680	22
0	1003	7744	23
0	1004	7756	22
0	1010	7808	23
0	1011	7813	22
0	1017	7872	23
0	1019	7936	24
0	1021	8000	25
0	1027	8064	26
0	1028	8077	25
0	1034	8128	26
0	1036	8192	27
0	1038	8256	28
0	1039	8275	27
0	1044	8305	26
0	1050	8320	27
0	1056	8384	28
0	1058	8448	29
0	1059	8472	28
0	1065	8512	29
0	1066	8513	28
0	1070	8513	27
0	1083	8576	28
0	1085	8640	29
0	1086	8658	28
0	1092	8704	29
0	1096	8768	30
0	1097	8786	29
0	1105	8832	30
0	1106	8859	29
0	1114	8896	30
0	1115	8947	29
0	1121	8960	30
0	1126	9024	31
0	1132	9088	32
0	1135	9138	31
0	1140	9139	30
0	1148	9152	31
0	1152	9216	32
0	1156	9280	33
0	1157	9288	32
0	1167	9344	33
0	1168	9364	32
0	1173	9383	31
0	1178	9389	30
0	1184	9408	31
0	1188	9472	32
0	1194	9536	33
0	1195	9599	32
0	1201	9600	33
0	1202	9651	32
0	1207	9663	31
0	1213	9664	32
0	1216	9698	31
0	1222	9728	32
0	1228	9792	33
0	1229	9826	32
0	1234	9836	31
0	1242	9856	32
0	1243	9864	31
0	1251	9920	32
0	1254	9968	31
0	1260	9984	32
0	1261	10004	31
0	1267	10048	32
0	1273	10112	33
0	1276	10141	32
0	1283	10162	31
0	1289	10176	32
0	1290	10177	31
0	1297	10224	30
0	1302	10235	29
0	1308	10240	30
0	1312	10304	31
0	1315	10341	30
0	1323	10368	31
0	1327	10432	32
0	1328	10462	31
0	1333	10468	30
0	1338	10495	29
0	1344	10496	30
0	1351	10560	31
0	1352	10569	30
0	1357	10577	29
0	1364	10604	28
0	1373	10614	27
0	1378	10624	28
0	1379	10673	27
0	1389	10688	28
0	1394	10752	29
0	1395	10771	28
0	1403	10816	29
0	1407	10852	28
0	1418	10880	29
0	1419	10888	28
0	1424	10890	27
0	1430	10944	28
0	1431	10989	27
0	1436	11001	26
0	1441	11008	27
0	1442	11058	26
0	1446	11070	25
0	1451	11072	26
0	1456	11136	27
0	1457	11166	26
0	1462	11200	27
0	1463	11220	26
0	1468	11264	27
0	1469	11297	26
0	1473	11298	25
0	1484	11328	26
0	1492	11392	27
0	1497	11456	28
0	1502	11520	29
0	1505	11543	28
0	1512	11570	27
0	1518	11584	28
0	1521	11632	27
0	1526	11641	26
0	1531	11648	27
0	1532	11663	26
0	1536	11709	25
0	1544	11712	26
0	1554	11776	27
0	1555	11793	26
0	1560	11825	25
0	1565	11840	26
0	1572	11904	27
0	1575	11933	26
0	1581	11968	27
0	1588	12000	28
0	1592	12032	29
0	1593	12092	28
0	1599	12096	29
0	1600	12100	28
0	1605	12134	27
0	1612	12159	26
0	1617	12160	27
0	1624	12224	28
0	1628	12288	29
0	1629	12300	28
0	1634	12306	27
0	1642	12352	28
0	1655	12416	29
0	1659	12480	30
0	1665	12544	31
0	1667	12608	32
0	1668	12617	31
0	1678	12672	32
0	1680	12736	33
0	1682	12800	34
0	1684	12864	35
0	1686	12928	36
0	1688	12992	37
0	1689	13003	36
0	1694	13046	35
0	1700	13056	36
0	1706	13120	37
0	1708	13184	38
0	1710	13248	39
0	1711	13275	38
0	1716	13303	37
0	1722	13312	38
0	1724	13376	39
0	1725	13411	38
0	1731	13440	39
0	1736	13504	40
0	1743	13541	39
0	1749	13568	40
0	1753	13632	41
0	1756	13653	40
0	1762	13696	41
0	1763	13709	40
0	1771	13760	41
0	1775	13824	42
0	1776	13834	41
0	1781	13850	40
0	1786	13872	39
0	1791	13888	40
0	1800	13952	41
0	1802	14016	42
0	1803	14044	41
0	1811	14080	42
0	1813	14144	43
0	1814	14147	42
0	1819	14194	41
0	1825	14208	42
0	1830	14255	41
0	1838	14272	42
0	1839	14319	41
0	1845	14336	42
0	1846	14379	41
0	1852	14400	42
0	1857	14429	41
0	1862	14434	40
0	1870	14464	41
0	1871	14470	40
0	1876	14519	39
0	1881	14528	40
0	1888	14592	41
0	1889	14617	40
0	1899	14656	41
0	1903	14720	42
0	1904	14725	41
0	1909	14726	40
0	1914	14729	39
0	1922	14784	40
0	1923	14786	39
0	1928	14810	38
0	1932	14811	37
0	1940	14848	38
0	1941	14860	37
0	1949	14912	38
0	1956	14976	39
0	1960	15005	38
0	1967	15030	37
0	1973	15040	38
0	1976	15058	37
0	1982	15104	38
0	1983	15127	37
0	1995	15168	38
0	1997	15232	39
0	2000	15267	38
0	2005	15296	39
0	2011	15354	38
0	2019	15360	39
0	2023	15424	40
0	2025	15488	41
0	2026	15491	40
0	2034	15552	41
0	2040	15616	42
0	2041	15671	41
0	2047	15680	42
0	2048	15734	41
0	2054	15744	42
0	2056	15808	43
0	2062	15872	44
0	2064	15936	45
0	2065	15999	44
0	2071	16000	45
0	2073	16064	46
0	2074	16093	45
0	2080	16128	46
0	2083	16174	45
0	2084	16174	44
0	2094	16192	45
0	2097	16233	44
0	2103	16256	45
0	2105	16320	46
0	2111	16384	47
0	2113	16448	48
0	2118	16512	49
0	2124	16576	50
0	2128	16640	51
0	2130	16704	52
0	2131	16738	51
0	2136	16768	50
0	2140	16768	51
0	2143	16793	50
0	2148	16808	49
0	2153	16832	50
0	2160	16896	51
0	2162	16960	52
0	2168	17024	53
0	2172	17088	54
0	2173	17097	53
0	2178	17119	52
0	2186	17152	53
0	2189	17179	52
0	2194	17199	51
0	2200	17216	52
0	2202	17280	53
0	2205	17326	52
0	2210	17338	51
0	2216	17344	52
0	2220	17408	53
0	2221	17431	52
0	2228	17445	51
0	2233	17453	50
0	2243	17472	51
0	2246	17516	50
0	2252	17536	51
0	2254	17600	52
0	2256	17664	53
0	2257	17726	52
0	2263	17728	53
0	2264	17768	52
0	2272	17792	53
0	2273	17803	52
0	2281	17856	53
0	2282	17876	52
0	2288	17920	53
0	2289	17939	52
0	2297	17984	53
0	2302	18000	54
0	2305	18012	53
0	2310	18048	54
0	2311	18072	53
0	2315	18074	52
0	2326	18112	53
0	2330	18118	52
0	2338	18176	53
0	2347	18240	54
0	2351	18304	55
0	2355	18368	56
0	2361	18432	57
0	2364	18443	56
0	2369	18448	55
0	2376	18489	54
0	2382	18496	55
0	2384	18560	56
0	2385	18596	55
0	2393	18624	56
0	2394	18632	55
0	2409	18674	54
0	2414	18684	53
0	2420	18688	54
0	2421	18708	53
0	2426	18719	52
0	2431	18721	51
0	2440	18750	50
0	2446	18752	51
0	2448	18816	52
0	2451	18856	51
0	2461	18880	52
0	2462	18912	51
0	2468	18944	52
0	2470	19008	53
0	2471	19066	52
0	2478	19071	51
0	2484	19072	52
0	2486	19136	53
0	2489	19189	52
0	2495	19200	53
0	2500	19219	52
0	2505	19240	51
0	2511	19264	52
0	2512	19285	51
0	2520	19328	52
0	2526	19392	53
0	2530	19456	54
0	2535	19520	55
0	2536	19541	54
0	2542	19584	55
0	2543	19596	54
0	2549	19648	55
0	2550	19664	54
0	2561	19709	53
0	2566	19712	54
0	2577	19776	55
0	2578	19810	54
0	2586	19840	55
0	2587	19865	54
0	2593	19904	55
0	2599	19968	56
0	2601	20032	57
0	2602	20081	56
0	2608	20096	57
0	2610	20160	58
0	2614	20224	59
0	2615	20234	58
0	2621	20288	59
0	2622	20308	58
0	2629	20327	57
0	2635	20352	58
0	2637	20416	59
0	2640	20436	58
0	2646	20480	59
0	2647	20482	58
0	2652	20529	57
0	2660	20544	58
0	2664	20608	59
0	2667	20663	58
0	2673	20672	59
0	2675	20736	60
0	2678	20772	59
0	2686	20800	60
0	2687	20837	59
0	2693	20864	60
0	2697	20928	61
0	2698	20966	60
0	2706	20992	61
0	2710	21042	60
0	2716	21056	61
0	2717	21108	60
0	2722	21113	59
0	2732	21120	60
0	2740	21184	61
0	2742	21248	62
0	2743	21274	61
0	2748	21286	60
0	2756	21312	61
0	2758	21376	62
0	2759	21400	61
0	2765	21440	62
0	2766	21448	61
0	2771	21504	62
0	2776	21568	63
0	2777	21583	62
0	2784	21621	61
0	2789	21632	62
0	2790	21651	61
0	2798	21696	62
0	2799	21697	61
0	2807	21760	62
0	2808	21767	61
0	2815	21803	60
0	2819	21815	59
0	2827	21824	60
0	2829	21888	61
0	2836	21922	60
0	2844	21952	61
0	2850	22016	62
0	2851	22020	61
0	2857	22046	60
0	2863	22055	59
0	2869	22080	60
0	2873	22144	61
0	2875	22208	62
0	2879	22272	63
0	2883	22336	64
0	2887	22400	65
0	2889	22464	66
0	2894	22528	67
0	2902	22592	68
0	2903	22651	67
0	2909	22656	68
0	2911	22720	69
0	2913	22784	70
0	2915	22848	71
0	2919	22912	72
0	2920	22962	71
0	2925	22969	70
0	2931	22976	71
0	2934	23001	70
0	2944	23040	71
0	2945	23058	70
0	2950	23060	69
0	2958	23104	70
0	2959	23143	69
0	2967	23168	70
0	2969	23232	71
0	2970	23274	70
0	2975	23284	69
0	2981	23296	70
0	2983	23360	71
0	2984	23392	70
0	2990	23424	71
0	2991	23428	70
0	2996	23488	71
0	2997	23514	70
0	3004	23531	69
0	3012	23552	70
0	3016	23573	69
0	3021	23616	70
0	3025	23641	69
0	3030	23680	70
0	3037	23744	71
0	3043	23808	72
0	3045	23872	73
0	3046	23893	72
0	3051	23928	71
0	3057	23936	72
0	3063	24000	73
0	3065	24000	74
0	3067	24028	73
0	3072	24041	72
0	3082	24064	73
0	3086	24128	74
0	3087	24187	73
0	3093	24192	74
0	3094	24193	73
0	3106	24235	72
0	3114	24256	73
0	3121	24298	72
0	3129	24320	73
0	3135	24384	74
0	3136	24415	73
0	3141	24428	72
0	3147	24448	73
0	3152	24491	72
0	3157	24502	71
0	3163	24512	72
0	3165	24576	73
0	3167	24640	74
0	3168	24643	73
0	3180	24704	74
0	3184	24768	75
0	3185	24822	74
0	3191	24832	75
0	3195	24896	76
0	3197	24960	77
0	3198	24997	76
0	3204	25024	77
0	3206	25088	78
0	3207	25103	77
0	3212	25130	76
0	3218	25152	77
0	3221	25175	76
0	3229	25216	77
0	3230	25241	76
0	3239	25272	75
0	3245	25280	76
0	3249	25344	77
0	3251	25408	78
0	3252	25431	77
0	3257	25469	76
0	3263	25472	77
0	3264	25486	76
0	3268	25493	75
0	3282	25536	76
0	3283	25599	75
0	3288	25600	76
0	3299	25664	77
0	3306	25724	76
0	3312	25728	77
0	3316	25792	78
0	3317	25834	77
0	3325	25856	78
0	3327	25920	79
0	3329	25984	80
0	3331	26048	81
0	3333	26112	82
0	3335	26176	83
0	3337	26240	84
0	3338	26248	83
0	3343	26260	82
0	3351	26304	83
0	3354	26345	82
0	3360	26368	83
0	3361	26380	82
0	3366	26383	81
0	3371	26401	80
0	3375	26427	79
0	3380	26432	80
0	3385	26496	81
0	3392	26560	82
0	3396	26624	83
0	3398	26688	84
0	3401	26733	83
0	3407	26752	84
0	3412	26782	83
0	3418	26816	84
0	3419	26858	83
0	3425	26880	84
0	3429	26944	85
0	3430	26992	84
0	3441	27008	85
0	3447	27072	86
0	3453	27136	87
0	3455	27200	88
0	3456	27244	87
0	3464	27264	88
0	3465	27304	87
0	3471	27328	88
0	3473	27392	89
0	3474	27422	88
0	3480	27456	89
0	3481	27481	88
0	3486	27487	87
0	3491	27489	86
0	3496	27520	87
0	3498	27584	88
0	3503	27648	89
0	3504	27653	88
0	3516	27712	89
0	3520	27776	90
0	3521	27814	89
0	3526	27815	88
0	3534	27840	89
0	3536	27904	90
0	3537	27933	89
0	3543	27968	90
0	3544	27979	89
0	3551	28011	88
0	3556	28017	87
0	3561	28032	88
0	3562	28040	87
0	3570	28096	88
0	3576	28114	87
0	3581	28141	86
0	3586	28160	87
0	3591	28224	88
0	3594	28237	87
0	3600	28288	88
0	3606	28352	89
0	3609	28416	88
0	3613	28416	89
0	3617	28480	90
0	3618	28499	89
0	3627	28544	90
0	3631	28608	91
0	3635	28672	92
0	3636	28685	91
0	3648	28736	92
0	3651	28758	91
0	3659	28800	92
0	3660	28852	91
0	3668	28864	92
0	3670	28928	93
0	3673	28951	92
0	3678	28981	91
0	3686	28992	92
0	3688	29056	93
0	3690	29120	94
0	3691	29135	93
0	3696	29163	92
0	3701	29177	91
0	3707	29184	92
0	3713	29248	93
0	3717	29312	94
0	3721	29376	95
0	3723	29440	96
0	3724	29462	95
0	3729	29480	94
0	3735	29504	95
0	3736	29523	94
0	3743	29565	93
0	3749	29568	94
0	3750	29577	93
0	3756	29632	94
0	3761	29677	93
0	3766	29680	92
0	3772	29696	93
0	3773	29698	92
0	3777	29760	91
0	3781	29760	92
0	3786	29822	91
0	3791	29824	92
0	3792	29826	91
0	3800	29888	92
0	3801	29906	91
0	3805	29908	90
0	3816	29952	91
0	3817	29970	90
0	3824	29980	89
0	3832	30000	90
0	3839	30016	91
0	3840	30023	90
0	3851	30080	91
0	3853	30144	92
0	3857	30180	91
0	3865	30208	92
0	3867	30272	93
0	3868	30281	92
0	3872	30283	91
0	3877	30336	92
0	3894	30400	93
0	3897	30451	92
0	3903	30464	93
0	3906	30477	92
0	3913	30525	91
0	3919	30528	92
0	3927	30592	93
0	3931	30656	94
0	3932	30689	93
0	3936	30689	92
0	3947	30720	93
0	3948	30767	92
0	3954	30784	93
0	3957	30827	92
0	3962	30847	91
0	3968	30848	92
0	3970	30912	93
0	3971	30917	92
0	3978	30975	91
0	3983	30976	90
0	3984	30976	91
0	3995	31040	92
0	3996	31045	91
0	4000	31077	90
0	4005	31104	91
0	4010	31168	92
0	4012	31232	93
0	4023	31296	94
0	4026	31332	93
0	4032	31360	94
0	4033	31364	93
0	4039	31424	94
0	4041	31488	95
0	4046	31552	96
0	4054	31616	97
0	4057	31669	96
0	4063	31680	97
0	4067	31744	98
0	4069	31808	99
0	4072	31844	98
0	4077	31866	97
0	4083	31872	98
0	4088	31896	97
0	4096	31936	98
0	4098	32000	99
0	4099	32042	98
0	4105	32064	99
0	4106	32106	98
0	4114	32128	99
0	4115	32153	98
0	4123	32192	99
0	4124	32217	98
0	4131	32248	97
0	4137	32256	98
0	4138	32257	97
0	4144	32320	98
0	4145	32352	97
0	4155	32384	98
0	4156	32385	97
0	4161	32419	96
0	4171	32448	97
0	4172	32451	96
0	4177	32461	95
0	4183	32512	96
0	4184	32521	95
0	4192	32576	96
0	4200	32640	97
0	4201	32673	96
0	4207	32704	97
0	4208	32721	96
0	4213	32766	95
0	4219	32768	96
0	4222	32800	95
0	4232	32832	96
0	4237	32870	95
0	4242	32892	94
0	4248	32896	95
0	4250	32960	96
0	4251	32995	95
0	4260	33024	96
0	4266	33088	97
0	4268	33152	98
0	4270	33216	99
0	4274	33280	100
0	4275	33291	99
0	4281	33344	100
0	4285	33408	101
0	4286	33441	100
0	4291	33460	99
0	4297	33472	100
0	4300	33478	99
0	4310	33536	98
0	4311	33536	99
0	4316	33542	98
0	4321	33556	97
0	4333	33600	98
0	4337	33664	99
0	4338	33690	98
0	4346	33728	99
0	4348	33792	100
0	4351	33832	99
0	4357	33856	100
0	4359	33920	101
0	4360	33948	100
0	4366	33984	101
0	4368	34048	102
0	4374	34112	103
0	4375	34126	102
0	4382	34142	101
0	4388	34176	102
0	4389	34180	101
0	4394	34184	100
0	4399	34190	99
0	4403	34190	98
0	4411	34240	99
0	4413	34304	100
0	4414	34314	99
0	4424	34340	98
0	4432	34368	99
0	4436	34432	100
0	4440	34496	101
0	4444	34535	100
0	4454	34560	101
0	4460	34624	102
0	4461	34652	101
0	4466	34662	100
0	4472	34688	101
0	4473	34691	100
0	4477	34699	99
0	4484	34746	98
0	4489	34752	99
0	4497	34816	100
0	4498	34823	99
0	4502	34840	98
0	4510	34880	99
0	4519	34944	100
0	4523	35008	101
0	4524	35045	100
0	4530	35072	101
0	4531	35112	100
0	4537	35136	101
0	4539	35200	102
0	4542	35260	101
0	4548	35264	102
0	4549	35303	101
0	4555	35328	102
0	4558	35371	101
0	4563	35376	100
0	4568	35392	101
0	4570	35408	100
0	4579	35454	99
0	4584	35456	100
0	4588	35504	99
0	4593	35520	100
0	4597	35547	99
0	4601	35555	98
0	4606	35584	99
0	4608	35648	100
0	4613	35712	101
0	4615	35776	102
0	4625	35824	101
0	4631	35840	102
0	4634	35849	101
0	4641	35893	100
0	4647	35904	101
0	4648	35917	100
0	4654	35968	101
0	4661	36000	102
0	4664	36031	101
0	4670	36032	102
0	4674	36096	103
0	4675	36117	102
0	4681	36160	103
0	4685	36224	104
0	4686	36235	103
0	4692	36288	104
0	4697	36322	103
0	4703	36352	104
0	4704	36356	103
0	4710	36371	102
0	4722	36416	103
0	4725	36465	102
0	4735	36480	103
0	4736	36507	102
0	4746	36544	103
0	4749	36567	102
0	4756	36600	101
0	4762	36608	102
0	4763	36611	101
0	4770	36648	100
0	4778	36672	101
0	4779	36677	100
0	4783	36680	99
0	4788	36691	98
0	4793	36736	99
0	4795	36800	100
0	4802	36864	101
0	4804	36928	102
0	4805	36976	101
0	4810	36992	102
0	4811	37025	101
0	4815	37051	100
0	4820	37056	101
0	4824	37110	100
0	4831	37115	99
0	4836	37120	100
0	4844	37184	101
0	4845	37194	100
0	4850	37248	101
0	4852	37312	102
0	4857	37376	103
0	4858	37385	102
0	4862	37390	101
0	4870	37440	102
0	4874	37464	101
0	4888	37504	102
0	4892	37530	101
0	4899	37534	100
0	4907	37568	101
0	4910	37594	100
0	4920	37632	101
0	4922	37696	102
0	4930	37760	103
0	4931	37772	102
0	4937	37824	103
0	4941	37888	104
0	4942	37917	103
0	4948	37952	104
0	4951	37995	103
0	4957	38016	104
0	4961	38080	105
0	4962	38134	104
0	4968	38144	105
0	4969	38156	104
0	4981	38208	105
0	4982	38262	104
0	4990	38272	105
0	4992	38336	106
0	4995	38387	105
0	5001	38400	106
0	5002	38428	105
0	5009	38463	104
0	5015	38464	105
0	5016	38470	104
0	5022	38528	105
0	5027	38587	104
0	5032	38588	103
0	5038	38592	104
0	5040	38656	105
0	5041	38696	104
0	5046	38699	103
0	5054	38720	104
0	5057	38739	103
0	5062	38757	102
0	5066	38764	101
0	5071	38784	102
0	5075	38803	101
0	5080	38848	102
0	5084	38912	101
0	5088	38912	102
0	5097	38976	103
0	5104	39040	104
0	5110	39104	105
0	5111	39115	104
0	5116	39137	103
0	5122	39168	104
0	5126	39232	105
0	5127	39234	104
0	5134	39270	103
0	5146	39296	104
0	5148	39360	105
0	5149	39423	104
0	5157	39424	105
0	5159	39488	106
0	5164	39502	105
0	5171	39548	104
0	5177	39552	105
0	5181	39616	106
0	5182	39622	105
0	5190	39680	106
0	5191	39703	105
0	5197	39744	106
0	5200	39767	105
0	5205	39768	104
0	5215	39808	105
0	5216	39827	104
0	5222	39872	105
0	5224	39936	106
0	5227	39977	105
0	5233	40000	106
0	5235	40064	107
0	5237	40128	108
0	5241	40192	109
0	5242	40215	108
0	5247	40225	107
0	5255	40256	108
0	5261	40320	109
0	5263	40384	110
0	5264	40412	109
0	5269	40417	108
0	5275	40448	109
0	5281	40508	108
0	5287	40512	109
0	5288	40516	108
0	5296	40576	109
0	5297	40609	108
0	5303	40640	109
0	5313	40704	110
0	5315	40768	111
0	5316	40773	110
0	5324	40832	111
0	5325	40844	110
0	5333	40896	111
0	5335	40960	112
0	5339	41024	113
0	5340	41048	112
0	5346	41088	113
0	5349	41134	112
0	5357	41152	113
0	5358	41163	112
0	5364	41216	113
0	5365	41240	112
0	5371	41280	113
0	5374	41344	112
0	5378	41344	113
0	5381	41360	112
0	5387	41408	113
0	5390	41459	112
0	5396	41472	113
0	5400	41536	114
0	5401	41581	113
0	5408	41598	112
0	5414	41600	113
0	5417	41628	112
0	5422	41643	111
0	5432	41664	112
0	5435	41699	111
0	5444	41715	110
0	5450	41728	111
0	5451	41762	110
0	5456	41765	109
0	5462	41792	110
0	5468	41856	111
0	5469	41860	110
0	5474	41882	109
0	5480	41920	110
0	5481	41962	109
0	5489	41984	110
0	5496	42000	111
0	5500	42048	112
0	5503	42074	111
0	5509	42112	112
0	5513	42176	113
0	5516	42212	112
0	5521	42218	111
0	5526	42228	110
0	5532	42240	111
0	5537	42253	110
0	5545	42304	111
0	5547	42368	112
0	5553	42432	113
0	5562	42496	114
0	5564	42560	115
0	5565	42577	114
0	5573	42624	115
0	5579	42688	116
0	5580	42714	115
0	5588	42752	116
0	5589	42768	115
0	5597	42816	116
0	5598	42830	115
0	5606	42880	116
0	5610	42944	117
0	5611	42964	116
0	5617	43008	117
0	5621	43072	118
0	5623	43136	119
0	5624	43172	118
0	5630	43200	119
0	5631	43252	118
0	5637	43264	119
0	5639	43328	120
0	5641	43392	121
0	5642	43420	120
0	5647	43423	119
0	5653	43456	120
0	5654	43479	119
0	5658	43490	118
0	5669	43520	119
0	5670	43529	118
0	5681	43584	119
0	5682	43591	118
0	5691	43629	117
0	5697	43648	118
0	5698	43650	117
0	5702	43677	116
0	5709	43697	115
0	5714	43712	116
0	5718	43751	115
0	5729	43776	116
0	5733	43840	117
0	5736	43856	116
0	5741	43868	115
0	5749	43904	116
0	5750	43940	115
0	5755	43947	114
0	5764	43968	115
0	5772	44014	114
0	5778	44032	115
0	5782	44096	116
0	5786	44160	117
0	5789	44176	116
0	5794	44215	115
0	5802	44224	116
0	5806	44288	117
0	5807	44315	116
0	5814	44340	115
0	5820	44352	116
0	5822	44416	117
0	5823	44418	116
0	5830	44434	115
0	5838	44480	116
0	5839	44542	115
0	5845	44544	116
0	5848	44577	115
0	5854	44608	116
0	5855	44665	115
0	5863	44672	116
0	5865	44736	117
0	5867	44800	118
0	5868	44813	117
0	5878	44864	118
0	5880	44928	119
0	5881	44943	118
0	5887	44992	119
0	5891	45032	118
0	5899	45056	119
0	5900	45066	118
0	5905	45087	117
0	5913	45120	118
0	5914	45141	117
0	5924	45184	118
0	5927	45202	117
0	5933	45248	118
0	5942	45282	117
0	5947	45289	116
0	5952	45300	115
0	5957	45312	116
0	5962	45376	117
0	5965	45420	116
0	5970	45439	115
0	5975	45440	116
0	5979	45461	115
0	5983	45467	114
0	5987	45472	113
0	5994	45496	112
0	5999	45504	113
0	6000	45512	112
0	6010	45533	111
0	6014	45541	110
0	6018	45545	109
0	6026	45568	110
0	6027	45597	109
0	6032	45632	110
0	6036	45665	109
0	6041	45696	110
0	6042	45724	109
0	6047	45760	110
0	6051	45796	109
0	6055	45809	108
0	6063	45824	109
0	6068	45888	110
0	6072	45919	109
0	6076	45924	108
0	6084	45952	109
0	6089	46016	110
0	6090	46062	109
0	6095	46080	110
0	6096	46105	109
0	6100	46106	108
0	6108	46144	109
0	6113	46208	110
0	6121	46272	111
0	6129	46336	112
0	6130	46340	111
0	6137	46383	110
0	6145	46400	111
0	6146	46411	110
0	6150	46414	109
0	6154	46432	108
0	6159	46464	109
0	6160	46465	108
0	6174	46528	109
0	6176	46592	110
0	6180	46634	109
0	6188	46656	110
0	6194	46720	111
0	6195	46722	110
0	6201	46750	109
0	6205	46753	108
0	6209	46766	107
0	6214	46784	108
0	6218	46825	107
0	6222	46826	106
0	6227	46848	107
0	6235	46912	108
0	6236	46947	107
0	6240	46948	106
0	6248	46976	107
0	6249	46983	106
0	6259	47001	105
0	6263	47003	104
0	6267	47020	103
0	6275	47040	104
0	6280	47104	105
0	6281	47112	104
0	6292	47168	105
0	6296	47197	104
0	6310	47232	105
0	6315	47296	106
0	6316	47300	105
0	6329	47360	106
0	6332	47374	105
0	6337	47391	104
0	6345	47424	105
0	6349	47488	106
0	6353	47552	107
0	6354	47564	106
0	6359	47592	105
0	6364	47612	104
0	6370	47616	105
0	6378	47680	106
0	6380	47744	107
0	6382	47808	108
0	6383	47811	107
0	6389	47872	108
0	6390	47879	107
0	6397	47909	106
0	6403	47936	107
0	6411	48000	108
0	6413	48000	109
0	6415	48012	108
0	6421	48064	109
0	6422	48093	108
0	6428	48128	109
0	6436	48154	108
0	6440	48189	107
0	6445	48192	108
0	6453	48256	109
0	6454	48259	108
0	6458	48273	107
0	6466	48320	108
0	6477	48384	109
0	6483	48448	110
0	6484	48473	109
0	6491	48498	108
0	6497	48512	109
0	6499	48576	110
0	6500	48619	109
0	6506	48640	110
0	6510	48704	111
0	6514	48768	112
0	6517	48813	111
0	6523	48832	112
0	6525	48896	113
0	6528	48927	112
0	6534	48960	113
0	6535	48966	112
0	6540	48995	111
0	6548	49024	112
0	6549	49044	111
0	6554	49054	110
0	6559	49088	111
0	6564	49152	112
0	6565	49170	111
0	6572	49188	110
0	6577	49216	111
0	6578	49254	110
0	6589	49280	111
0	6591	49344	112
0	6594	49357	111
0	6606	49408	112
0	6610	49472	113
0	6611	49474	112
0	6620	49536	113
0	6621	49546	112
0	6627	49600	113
0	6628	49617	112
0	6638	49664	113
0	6639	49668	112
0	6646	49719	111
0	6652	49728	112
0	6653	49760	111
0	6661	49792	112
0	6662	49822	111
0	6668	49856	112
0	6669	49859	111
0	6681	49920	112
0	6684	49948	111
0	6690	49984	112
0	6695	49998	111
0	6705	50048	112
0	6708	50110	111
0	6714	50112	112
0	6716	50176	113
0	6717	50212	112
0	6723	50240	113
0	6727	50304	114
0	6729	50368	115
0	6733	50432	116
0	6734	50436	115
0	6739	50493	114
0	6745	50496	115
0	6746	50546	114
0	6752	50560	115
0	6753	50597	114
0	6759	50624	115
0	6762	50661	114
0	6772	50688	115
0	6776	50752	116
0	6777	50811	115
0	6783	50816	116
0	6784	50846	115
0	6790	50880	116
0	6793	50900	115
0	6798	50905	114
0	6804	50944	115
0	6811	51008	116
0	6812	51072	115
0	6816	51072	116
0	6821	51091	115
0	6830	51127	114
0	6838	51136	115
0	6846	51200	116
0	6849	51253	115
0	6855	51264	116
0	6857	51328	117
0	6859	51392	118
0	6860	51402	117
0	6866	51456	118
0	6868	51520	119
0	6871	51565	118
0	6879	51584	119
0	6885	51648	120
0	6887	51712	121
0	6889	51776	122
0	6891	51840	123
0	6892	51841	122
0	6898	51904	123
0	6899	51940	122
0	6905	51968	123
0	6906	52028	122
0	6912	52032	123
0	6913	52048	122
0	6921	52096	123
0	6922	52130	122
0	6928	52160	123
0	6930	52224	124
0	6935	52275	123
0	6941	52288	124
0	6942	52317	123
0	6950	52352	124
0	6953	52398	123
0	6959	52416	124
0	6962	52478	123
0	6968	52480	124
0	6972	52524	123
0	6978	52544	124
0	6984	52608	125
0	6985	52611	124
0	6994	52652	123
0	7000	52672	124
0	7008	52736	125
0	7010	52800	126
0	7011	52806	125
0	7016	52862	124
0	7022	52864	125
0	7028	52928	126
0	7029	52935	125
0	7038	52975	124
0	7043	52980	123
0	7048	52989	122
0	7054	52992	123
0	7058	53056	124
0	7059	53062	123
0	7064	53097	122
0	7068	53119	121
0	7073	53120	122
0	7081	53184	123
0	7082	53202	122
0	7089	53221	121
0	7093	53233	120
0	7098	53248	121
0	7099	53250	120
0	7106	53301	119
0	7111	53312	120
0	7113	53376	121
0	7120	53433	120
0	7125	53440	121
0	7126	53451	120
0	7130	53452	119
0	7138	53504	120
0	7151	53568	121
0	7157	53632	122
0	7159	53696	123
0	7161	53760	124
0	7163	53824	125
0	7164	53836	124
0	7169	53887	123
0	7175	53888	124
0	7177	53952	125
0	7178	53972	124
0	7187	54000	125
0	7192	54014	124
0	7198	54016	125
0	7204	54080	126
0	7213	54144	127
0	7217	54208	128
0	7220	54224	127
0	7232	54272	128
0	7236	54336	129
0	7237	54348	128
0	7243	54400	129
0	7245	54464	130
0	7249	54528	131
0	7250	54562	130
0	7258	54592	131
0	7259	54626	130
0	7266	54647	129
0	7272	54656	130
0	7274	54720	131
0	7276	54784	132
0	7277	54812	131
0	7285	54848	132
0	7287	54912	133
0	7291	54976	134
0	7292	54979	133
0	7298	55040	134
0	7299	55068	133
0	7304	55079	132
0	7309	55090	131
0	7315	55104	132
0	7319	55168	133
0	7321	55232	134
0	7325	55296	135
0	7326	55314	134
0	7334	55360	135
0	7336	55424	136
0	7339	55487	135
0	7345	55488	136
0	7356	55552	137
0	7358	55616	138
0	7361	55653	137
0	7368	55663	136
0	7373	55680	135
0	7377	55680	136
0	7387	55744	137
0	7388	55750	136
0	7394	55808	137
0	7398	55872	138
0	7400	55936	139
0	7401	55942	138
0	7406	55981	137
0	7411	55985	136
0	7421	56000	137
0	7422	56045	136
0	7428	56064	137
0	7431	56094	136
0	7436	56108	135
0	7442	56128	136
0	7444	56192	137
0	7445	56203	136
0	7455	56256	137
0	7456	56274	136
0	7464	56320	137
0	7468	56384	138
0	7472	56448	139
0	7473	56503	138
0	7479	56512	139
0	7480	56553	138
0	7486	56576	139
0	7487	56592	138
0	7494	56620	137
0	7499	56633	136
0	7505	56640	137
0	7506	56650	136
0	7514	56704	137
0	7520	56768	138
0	7521	56796	137
0	7527	56832	138
0	7528	56838	137
0	7536	56896	138
0	7542	56960	139
0	7551	57024	140
0	7553	57088	141
0	7554	57104	140
0	7559	57111	139
0	7565	57152	140
0	7568	57159	139
0	7569	57159	138
0	7583	57216	139
0	7584	57251	138
0	7585	57251	137
0	7596	57271	136
0	7601	57280	137
0	7609	57336	136
0	7617	57344	137
0	7619	57408	138
0	7623	57472	139
0	7626	57515	138
0	7631	57519	137
0	7637	57536	138
0	7638	57545	137
0	7643	57570	136
0	7649	57600	137
0	7654	57641	136
0	7659	57663	135
0	7665	57664	136
0	7671	57728	137
0	7674	57792	136
0	7678	57792	137
0	7682	57856	138
0	7687	57899	137
0	7693	57920	138
0	7694	57965	137
0	7700	57984	138
0	7701	58000	137
0	7707	58048	138
0	7710	58064	137
0	7716	58112	138
0	7717	58137	137
0	7725	58176	138
0	7730	58225	137
0	7735	58234	136
0	7740	58239	135
0	7746	58240	136
0	7751	58288	135
0	7756	58295	134
0	7762	58304	135
0	7764	58368	136
0	7772	58432	137
0	7773	58462	136
0	7781	58496	137
0	7786	58560	138
0	7789	58578	137
0	7794	58591	136
0	7799	58608	135
0	7805	58624	136
0	7806	58626	135
0	7816	58688	136
0	7818	58752	137
0	7823	58780	136
0	7831	58816	137
0	7837	58880	138
0	7838	58921	137
0	7844	58944	138
0	7848	59008	139
0	7849	59049	138
0	7855	59072	139
0	7857	59136	140
0	7861	59200	141
0	7862	59232	140
0	7868	59264	141
0	7872	59328	142
0	7873	59331	141
0	7878	59358	140
0	7884	59392	141
0	7888	59456	142
0	7890	59520	143
0	7892	59584	144
0	7895	59642	143
0	7901	59648	144
0	7903	59712	145
0	7906	59755	144
0	7912	59776	145
0	7913	59782	144
0	7921	59840	145
0	7922	59855	144
0	7928	59904	145
0	7933	59925	144
0	7939	59968	145
0	7944	60000	146
0	7948	60032	147
0	7949	60076	146
0	7955	60096	147
0	7958	60119	146
0	7963	60130	145
0	7970	60145	144
0	7976	60160	145
0	7986	60200	144
0	7998	60224	145
0	8002	60288	146
0	8005	60341	145
0	8011	60352	146
0	8012	60368	145
0	8022	60416	146
0	8028	60480	147
0	8030	60544	148
0	8031	60572	147
0	8037	60608	148
0	8041	60672	149
0	8043	60736	150
0	8044	60751	149
0	8049	60771	148
0	8055	60800	149
0	8056	60817	148
0	8064	60864	149
0	8070	60928	150
0	8071	60952	149
0	8076	60954	148
0	8082	60992	149
0	8086	61056	150
0	8088	61120	151
0	8090	61184	152
0	8091	61244	151
0	8097	61248	152
0	8102	61284	151
0	8108	61312	152
0	8109	61340	151
0	8115	61376	152
0	8116	61385	151
0	8124	61440	150
0	8125	61440	151
0	8136	61504	152
0	8137	61558	151
0	8143	61568	152
0	8153	61632	153
0	8154	61676	152
0	8160	61696	153
0	8161	61735	152
0	8167	61760	153
0	8168	61770	152
0	8178	61824	153
0	8179	61851	152
0	8185	61888	153
0	8189	61952	154
0	8192	61976	153
0	8202	62016	154
0	8203	62033	153
0	8209	62080	154
0	8210	62138	153
0	8216	62144	154
0	8217	62170	153
0	8222	62182	152
0	8227	62208	153
0	8232	62272	154
0	8235	62290	153
0	8241	62336	154
0	8242	62361	153
0	8252	62400	154
0	8257	62410	153
0	8263	62464	154
0	8265	62528	155
0	8270	62559	154
0	8276	62592	155
0	8277	62653	154
0	8283	62656	155
0	8286	62719	154
0	8292	62720	155
0	8296	62784	156
0	8300	62848	157
0	8301	62899	156
0	8307	62912	157
0	8311	62976	158
0	8312	62978	157
0	8320	63000	156
0	8334	63040	157
0	8335	63049	156
0	8341	63104	157
0	8342	63107	156
0	8350	63168	157
0	8354	63232	158
0	8356	63296	159
0	8358	63360	160
0	8360	63424	161
0	8362	63488	162
0	8364	63552	163
0	8365	63590	162
0	8371	63616	163
0	8375	63680	164
0	8377	63744	165
0	8378	63768	164
0	8384	63808	165
0	8385	63838	164
0	8391	63872	165
0	8397	63936	166
0	8398	63961	165
0	8404	64000	166
0	8408	64064	167
0	8411	64111	166
0	8417	64128	167
0	8418	64143	166
0	8423	64183	165
0	8429	64192	166
0	8431	64256	167
0	8433	64320	168
0	8434	64376	167
0	8441	64384	166
0	8445	64384	167
0	8449	64448	168
0	8452	64493	167
0	8457	64495	166
0	8465	64512	167
0	8466	64549	166
0	8471	64576	167
0	8479	64630	166
0	8485	64640	167
0	8491	64704	168
0	8496	64768	169
0	8499	64826	168
0	8505	64832	169
0	8511	64896	170
0	8515	64960	171
0	8519	65024	172
0	8520	65048	171
0	8526	65088	172
0	8530	65152	173
0	8531	65206	172
0	8537	65216	173
0	8539	65280	174
0	8540	65324	173
0	8546	65344	174
0	8549	65393	173
0	8557	65408	174
0	8558	65443	173
0	8566	65472	174
0	8567	65522	173
0	8573	65536	174
0	8574	65538	173
0	8579	65585	172
0	8584	65590	171
0	8592	65600	172
0	8600	65664	173
0	8603	65728	172
0	8607	65728	173
0	8613	65792	174
0	8614	65850	173
0	8620	65856	174
0	8622	65920	175
0	8624	65984	176
0	8629	66000	177
0	8632	66019	176
0	8649	66048	177
0	8653	66112	178
0	8654	66135	177
0	8660	66176	178
0	8661	66196	177
0	8667	66240	178
0	8669	66304	179
0	8671	66368	180
0	8672	66380	179
0	8682	66432	180
0	8684	66496	181
0	8687	66547	180
0	8695	66560	181
0	8697	66624	182
0	8701	66688	183
0	8702	66716	182
0	8708	66752	183
0	8709	66792	182
0	8714	66802	181
0	8722	66816	182
0	8726	66880	183
0	8728	66944	184
0	8731	66995	183
0	8739	67008	184
0	8740	67044	183
0	8746	67072	184
0	8747	67096	183
0	8755	67136	184
0	8757	67200	185
0	8759	67264	186
0	8760	67270	185
0	8765	67283	184
0	8770	67302	183
0	8774	67325	182
0	8778	67326	181
0	8783	67328	182
0	8793	67353	181
0	8797	67362	180
0	8802	67392	181
0	8804	67413	180
0	8814	67456	181
0	8815	67465	180
0	8819	67472	179
0	8823	67488	178
0	8830	67514	177
0	8835	67520	178
0	8836	67559	177
0	8841	67584	178
0	8852	67648	179
0	8866	67712	180
0	8871	67776	181
0	8872	67825	180
0	8877	67840	181
0	8878	67870	180
0	8883	67904	181
0	8888	67968	182
0	8889	67986	181
0	8897	68032	182
0	8902	68096	183
0	8903	68107	182
0	8912	68150	181
0	8918	68160	182
0	8919	68185	181
0	8927	68224	182
0	8930	68245	181
0	8940	68288	182
0	8942	68352	183
0	8943	68363	182
0	8951	68416	183
0	8953	68480	184
0	8954	68527	183
0	8962	68544	184
0	8964	68608	185
0	8966	68672	186
0	8968	68736	187
0	8970	68800	188
0	8971	68840	187
0	8977	68864	188
0	8979	68928	189
0	8980	68954	188
0	8987	68977	187
0	8993	68992	188
0	9003	69051	187
0	9009	69056	188
0	9012	69096	187
0	9018	69120	188
0	9019	69144	187
0	9028	69173	186
0	9033	69181	185
0	9038	69184	186
0	9039	69201	185
0	9050	69248	186
0	9059	69291	185
0	9064	69309	184
0	9070	69312	185
0	9073	69346	184
0	9078	69359	183
0	9084	69376	184
0	9086	69440	185
0	9094	69504	186
0	9096	69568	187
0	9098	69632	188
0	9100	69696	189
0	9102	69760	190
0	9103	69771	189
0	9111	69824	190
0	9112	69837	189
0	9120	69888	190
0	9122	69952	191
0	9124	70016	192
0	9125	70017	191
0	9130	70047	190
0	9136	70080	191
0	9140	70144	192
0	9141	70152	191
0	9149	70208	192
0	9150	70213	191
0	9160	70272	192
0	9162	70336	193
0	9164	70400	194
0	9165	70403	193
0	9175	70464	194
0	9176	70491	193
0	9185	70528	194
0	9195	70592	195
0	9197	70656	196
0	9198	70719	195
0	9204	70720	196
0	9205	70724	195
0	9210	70772	194
0	9216	70784	195
0	9220	70848	196
0	9221	70908	195
0	9226	70910	194
0	9232	70912	195
0	9237	70966	194
0	9243	70976	195
0	9245	71040	196
0	9246	71043	195
0	9251	71054	194
0	9255	71103	193
0	9260	71104	194
0	9268	71168	195
0	9272	71232	196
0	9273	71234	195
0	9278	71240	194
0	9287	71294	193
0	9293	71296	194
0	9296	71324	193
0	9302	71360	194
0	9303	71382	193
0	9308	71424	194
0	9312	71473	193
0	9320	71488	194
0	9324	71552	195
0	9327	71584	194
0	9335	71616	195
0	9336	71671	194
0	9342	71680	195
0	9343	71705	194
0	9348	71721	193
0	9353	71744	194
0	9355	71808	195
0	9356	71815	194
0	9361	71872	195
0	9362	71879	194
0	9367	71880	193
0	9376	71899	192
0	9380	71900	191
0	9385	71936	192
0	9395	71983	191
0	9404	72000	192
0	9406	72000	193
0	9408	72011	192
0	9416	72064	193
0	9423	72079	192
0	9427	72080	191
0	9431	72122	190
0	9436	72128	191
0	9438	72192	192
0	9439	72216	191
0	9447	72256	192
0	9448	72257	191
0	9459	72320	192
0	9460	72354	191
0	9468	72384	192
0	9469	72406	191
0	9478	72448	192
0	9479	72472	191
0	9490	72512	192
0	9499	72576	193
0	9500	72582	192
0	9509	72637	191
0	9514	72640	192
0	9525	72704	193
0	9533	72768	194
0	9536	72813	193
0	9542	72832	194
0	9543	72871	193
0	9549	72896	194
0	9550	72956	193
0	9556	72960	194
0	9557	72970	193
0	9562	72976	192
0	9566	72986	191
0	9579	73024	192
0	9583	73088	193
0	9584	73137	192
0	9590	73152	193
0	9594	73216	194
0	9596	73280	195
0	9598	73344	196
0	9601	73374	195
0	9609	73408	196
0	9610	73443	195
0	9618	73472	196
0	9624	73519	195
0	9630	73536	196
0	9631	73567	195
0	9637	73600	196
0	9638	73621	195
0	9644	73664	196
0	9649	73678	195
0	9661	73728	196
0	9662	73749	195
0	9670	73792	196
0	9672	73856	197
0	9673	73873	196
0	9678	73890	195
0	9688	73920	196
0	9692	73984	197
0	9696	74048	198
0	9697	74096	197
0	9702	74109	196
0	9708	74112	197
0	9710	74176	198
0	9711	74177	197
0	9718	74215	196
0	9724	74240	197
0	9728	74304	198
0	9730	74368	199
0	9732	74432	200
0	9735	74490	199
0	9741	74496	200
0	9744	74527	199
0	9752	74560	200
0	9753	74573	199
0	9758	74576	198
0	9765	74600	197
0	9770	74619	196
0	9776	74624	197
0	9779	74685	196
0	9785	74688	197
0	9786	74744	196
0	9791	74752	197
0	9796	74816	198
0	9799	74840	197
0	9806	74869	196
0	9812	74880	197
0	9813	74938	196
0	9818	74944	197
0	9819	74967	196
0	9823	74971	195
0	9840	75008	196
0	9841	75017	195
0	9853	75072	196
0	9860	75134	195
0	9868	75136	196
0	9869	75144	195
0	9879	75200	196
0	9880	75204	195
0	9886	75264	196
0	9887	75322	195
0	9893	75328	196
0	9894	75335	195
0	9904	75392	196
0	9908	75456	197
0	9912	75520	198
0	9913	75534	197
0	9919	75584	198
0	9921	75648	199
0	9922	75662	198
0	9930	75712	199
0	9931	75727	198
0	9939	75776	199
0	9941	75840	200
0	9942	75871	199
0	9950	75904	200
0	9954	75968	201
0	9955	75988	200
0	9961	76032	201
0	9963	76096	202
0	9964	76101	201
0	9969	76112	200
0	9975	76160	201
0	9978	76211	200
0	9984	76224	201
0	9985	76278	200
0	9991	76288	201
0	9994	76311	200
0	10001	76328	199
0	10009	76352	200
0	10010	76367	199
0	10015	76369	198
0	10019	76401	197
0	10027	76416	198
0	10032	76480	199
0	10041	76544	200
0	10042	76557	199
0	10047	76596	198
0	10055	76608	199
0	10059	76672	200
0	10060	76685	199
0	10072	76736	200
0	10075	76793	199
0	10081	76800	200
0	10086	76860	199
0	10092	76864	200
0	10095	76884	199
0	10100	76899	198
0	10109	76921	197
0	10115	76928	198
0	10117	76992	199
0	10120	77020	198
0	10128	77056	199
0	10132	77120	200
0	10133	77134	199
0	10138	77148	198
0	10143	77153	197
0	10148	77163	196
0	10153	77167	195
0	10157	77171	194
0	10162	77184	195
0	10163	77191	194
0	10174	77248	195
0	10175	77250	194
0	10182	77264	193
0	10186	77310	192
0	10191	77312	193
0	10196	77376	194
0	10200	77411	193
0	10205	77440	194
0	10207	77504	195
0	10208	77505	194
0	10213	77568	195
0	10218	77632	196
0	10227	77674	195
0	10233	77696	196
0	10239	77760	197
0	10241	77824	198
0	10242	77840	197
0	10247	77886	196
0	10253	77888	197
0	10254	77891	196
0	10261	77936	195
0	10269	77952	196
0	10276	78000	197
0	10279	78006	196
0	10285	78016	197
0	10289	78080	198
0	10290	78124	197
0	10298	78144	198
0	10308	78208	199
0	10313	78272	200
0	10319	78336	201
0	10321	78400	202
0	10322	78426	201
0	10329	78456	200
0	10335	78464	201
0	10337	78528	202
0	10343	78592	203
0	10345	78656	204
0	10346	78660	203
0	10351	78671	202
0	10356	78709	201
0	10362	78720	202
0	10363	78741	201
0	10367	78746	200
0	10372	78784	201
0	10379	78818	200
0	10385	78848	201
0	10386	78857	200
0	10398	78912	201
0	10404	78976	202
0	10406	79040	203
0	10407	79092	202
0	10413	79104	203
0	10414	79122	202
0	10420	79168	203
0	10422	79232	204
0	10423	79261	203
0	10431	79296	204
0	10432	79318	203
0	10437	79331	202
0	10447	79360	203
0	10448	79383	202
0	10456	79424	203
0	10461	79480	202
0	10467	79488	203
0	10471	79508	202
0	10481	79552	203
0	10485	79616	204
0	10486	79662	203
0	10492	79680	204
0	10496	79744	205
0	10499	79784	204
0	10504	79790	203
0	10510	79808	204
0	10511	79809	203
0	10519	79872	204
0	10525	79936	205
0	10526	79949	204
0	10531	79974	203
0	10537	80000	204
0	10541	80064	205
0	10545	80128	206
0	10546	80168	205
0	10552	80192	206
0	10555	80203	205
0	10562	80223	204
0	10570	80256	205
0	10573	80269	204
0	10579	80320	205
0	10581	80384	206
0	10582	80425	205
0	10588	80448	206
0	10589	80475	205
0	10597	80512	206
0	10598	80544	205
0	10607	80575	204
0	10613	80576	205
0	10616	80639	204
0	10622	80640	205
0	10625	80686	204
0	10631	80704	205
0	10632	80739	204
0	10638	80768	205
0	10641	80787	204
0	10649	80832	205
0	10650	80836	204
0	10655	80866	203
0	10662	80892	202
0	10667	80896	203
0	10672	80960	204
0	10673	80983	203
0	10688	81024	204
0	10691	81059	203
0	10699	81088	204
0	10700	81089	203
0	10711	81138	202
0	10717	81152	203
0	10718	81198	202
0	10726	81216	203
0	10729	81254	202
0	10735	81280	203
0	10737	81344	204
0	10741	81408	205
0	10742	81429	204
0	10748	81472	205
0	10749	81476	204
0	10756	81518	203
0	10762	81536	204
0	10765	81589	203
0	10771	81600	204
0	10775	81664	205
0	10777	81728	206
0	10778	81732	205
0	10785	81771	204
0	10790	81780	203
0	10795	81792	204
0	10802	81856	205
0	10806	81920	206
0	10807	81934	205
0	10813	81984	206
0	10817	82048	207
0	10818	82077	206
0	10824	82112	207
0	10827	82164	206
0	10833	82176	207
0	10834	82194	206
0	10842	82240	207
0	10843	82241	206
0	10851	82304	207
0	10852	82329	206
0	10858	82368	207
0	10861	82419	206
0	10867	82432	207
0	10868	82446	206
0	10878	82496	207
0	10885	82560	208
0	10887	82624	209
0	10892	82650	208
0	10898	82688	209
0	10899	82703	208
0	10905	82752	209
0	10912	82779	208
0	10920	82816	209
0	10922	82880	210
0	10924	82944	211
0	10926	83008	212
0	10927	83037	211
0	10933	83072	212
0	10934	83079	211
0	10944	83136	212
0	10945	83151	211
0	10950	83157	210
0	10955	83164	209
0	10963	83200	210
0	10964	83204	209
0	10972	83264	210
0	10973	83317	209
0	10981	83328	210
0	10982	83338	209
0	10987	83392	210
0	10988	83408	209
0	10993	83456	210
0	10995	83520	211
0	10996	83571	210
0	11001	83584	211
0	11002	83602	210
0	11010	83648	211
0	11022	83693	210
0	11028	83712	211
0	11029	83730	210
0	11037	83776	211
0	11038	83798	210
0	11046	83840	211
0	11052	83904	212
0	11053	83911	211
0	11061	83968	212
0	11066	84000	213
0	11069	84004	212
0	11074	84008	211
0	11084	84032	212
0	11089	84096	213
0	11092	84145	212
0	11098	84160	213
0	11110	84224	214
0	11111	84245	213
0	11120	84267	212
0	11126	84288	213
0	11127	84291	212
0	11133	84352	213
0	11139	84416	214
0	11140	84450	213
0	11150	84480	214
0	11151	84531	213
0	11157	84544	214
0	11158	84598	213
0	11164	84608	214
0	11168	84672	215
0	11169	84725	214
0	11174	84735	213
0	11180	84736	214
0	11184	84800	215
0	11186	84864	216
0	11188	84928	217
0	11189	84938	216
0	11194	84939	215
0	11199	84963	214
0	11207	84992	215
0	11212	85040	214
0	11218	85056	215
0	11221	85065	214
0	11226	85077	213
0	11236	85120	214
0	11237	85136	213
0	11247	85184	214
0	11249	85248	215
0	11250	85275	214
0	11256	85312	215
0	11262	85376	216
0	11264	85440	217
0	11265	85460	216
0	11274	85504	217
0	11275	85542	216
0	11280	85553	215
0	11286	85568	216
0	11287	85581	215
0	11292	85591	214
0	11296	85592	213
0	11300	85600	212
0	11304	85608	211
0	11316	85632	212
0	11319	85663	211
0	11325	85696	212
0	11338	85760	213
0	11339	85803	212
0	11347	85824	213
0	11355	85888	214
0	11356	85891	213
0	11362	85952	214
0	11366	86016	215
0	11367	86056	214
0	11373	86080	215
0	11374	86111	214
0	11380	86144	215
0	11384	86208	216
0	11385	86233	215
0	11392	86266	214
0	11398	86272	215
0	11401	86333	214
0	11407	86336	215
0	11410	86384	214
1	0	0	0
1	6	0	1
1	38	372	0
1	773	6000	1
1	818	6303	0
1	1589	12000	1
1	1645	12369	0
1	2303	18000	1
1	2341	18235	0
1	3064	24000	1
1	3099	24219	0
1	3833	30000	1
1	3888	30357	0
1	4662	36000	1
1	4709	36371	0
1	5497	42000	1
1	5533	42242	0
1	6412	48000	1
1	6431	48148	0
1	7188	54000	1
1	7199	54048	0
1	7945	60000	1
1	7981	60195	0
1	8630	66000	1
1	8637	66023	0
1	9405	72000	1
1	9473	72407	0
1	10277	78000	1
1	10301	78162	0
1	11067	84000	1
1	11079	84022	0
2	0	0	0
2	117	1038	1
2	118	1067	0
2	124	1071	1
2	125	1073	0
2	211	1527	1
2	214	1538	0
2	506	3993	1
2	508	3997	0
2	668	5301	1
2	673	5384	0
2	679	5411	1
2	685	5482	2
2	688	5508	1
2	694	5552	2
2	698	5566	3
2	704	5590	4
2	705	5631	3
2	713	5687	4
2	717	5689	5
2	723	5697	6
2	727	5731	7
2	728	5754	6
2	733	5803	5
2	736	5819	4
2	744	5831	5
2	745	5852	4
2	750	5889	3
2	756	5903	4
2	757	5930	3
2	762	5968	2
2	765	5994	1
2	777	6033	0
2	783	6048	1
2	786	6082	0
2	792	6094	1
2	793	6110	0
2	799	6131	1
2	802	6155	0
2	839	6388	1
2	840	6391	0
2	911	6787	1
2	912	6811	0
2	1376	10614	1
2	1382	10673	2
2	1385	10687	1
2	1390	10739	0
2	1398	10771	1
2	1399	10796	0
2	1439	11001	1
2	1445	11058	2
2	1449	11070	3
2	1452	11112	2
2	1460	11166	3
2	1466	11220	4
2	1472	11297	5
2	1476	11298	6
2	1477	11318	5
2	1480	11325	4
2	1485	11361	3
2	1488	11389	2
2	1493	11418	1
2	1498	11475	0
2	1529	11641	1
2	1535	11663	2
2	1539	11709	3
2	1540	11710	2
2	1545	11751	1
2	1548	11753	0
2	1563	11825	1
2	1566	11854	0
2	1608	12134	1
2	1609	12150	0
2	1615	12159	1
2	1618	12174	0
2	1789	13872	1
2	1792	13895	0
2	1879	14519	1
2	1882	14562	0
2	1931	14810	1
2	1935	14811	2
2	1936	14831	1
2	1944	14860	2
2	1945	14885	1
2	1950	14943	0
2	1986	15127	1
2	1987	15137	0
2	2003	15267	1
2	2006	15319	0
2	2151	16808	1
2	2154	16836	0
2	2292	17939	1
2	2293	17977	0
2	2308	18012	1
2	2314	18072	2
2	2318	18074	3
2	2319	18075	2
2	2322	18085	1
2	2327	18117	0
2	2333	18118	1
2	2334	18142	0
2	2397	18632	1
2	2398	18635	0
2	2434	18721	1
2	2435	18726	0
2	2515	19285	1
2	2516	19290	0
2	2564	19709	1
2	2567	19715	0
2	2769	21448	1
2	2772	21534	0
2	2780	21583	1
2	2781	21620	0
2	2787	21621	1
2	2793	21651	2
2	2794	21678	1
2	2802	21697	2
2	2803	21755	1
2	2811	21767	2
2	2812	21781	1
2	2818	21803	2
2	2822	21815	3
2	2823	21818	2
2	2830	21913	1
2	2833	21916	0
2	2994	23428	1
2	3000	23514	2
2	3001	23529	1
2	3007	23531	2
2	3008	23536	1
2	3013	23560	0
2	3019	23573	1
2	3022	23636	0
2	3028	23641	1
2	3031	23717	0
2	3075	24041	1
2	3076	24057	0
2	3109	24235	1
2	3110	24252	0
2	3171	24643	1
2	3172	24651	0
2	3267	25486	1
2	3271	25493	2
2	3275	25522	1
2	3278	25527	0
2	3286	25599	1
2	3289	25610	0
2	3374	26401	1
2	3378	26427	2
2	3381	26450	1
2	3386	26498	0
2	3494	27489	1
2	3499	27635	0
2	3507	27653	1
2	3508	27682	0
2	3559	28017	1
2	3565	28040	2
2	3566	28080	1
2	3571	28102	0
2	3584	28141	1
2	3587	28196	0
2	3776	29698	1
2	3782	29760	2
2	3783	29777	1
2	3789	29822	2
2	3795	29826	3
2	3796	29874	2
2	3804	29906	3
2	3810	29916	2
2	3820	29970	3
2	3821	29971	2
2	3827	29980	3
2	3835	30002	2
2	3843	30023	3
2	3844	30034	2
2	3847	30037	1
2	3854	30151	0
2	3860	30180	1
2	3861	30191	0
2	3871	30281	1
2	3875	30283	2
2	3878	30338	1
2	3881	30338	0
2	3974	30917	1
2	3975	30918	0
2	3981	30975	1
2	3987	30976	2
2	3988	30978	1
2	3991	31016	0
2	3999	31045	1
2	4003	31077	2
2	4006	31167	1
2	4013	31243	0
2	4187	32521	1
2	4188	32528	0
2	4324	33556	1
2	4325	33563	0
2	4402	34190	1
2	4406	34190	2
2	4407	34205	1
2	4417	34314	2
2	4418	34337	1
2	4421	34338	0
2	4427	34340	1
2	4428	34346	0
2	4476	34691	1
2	4480	34699	2
2	4481	34740	1
2	4487	34746	2
2	4490	34780	1
2	4493	34787	0
2	4501	34823	1
2	4505	34840	2
2	4506	34877	1
2	4511	34881	0
2	4566	35376	1
2	4569	35408	0
2	4575	35408	1
2	4576	35451	0
2	4582	35454	1
2	4585	35485	0
2	4591	35504	1
2	4594	35543	0
2	4600	35547	1
2	4604	35555	2
2	4609	35663	1
2	4616	35778	0
2	4716	36371	1
2	4718	36402	0
2	4739	36507	1
2	4742	36536	0
2	4766	36611	1
2	4767	36617	0
2	4773	36648	1
2	4774	36667	0
2	4782	36677	1
2	4791	36691	2
2	4798	36860	1
2	4808	36976	2
2	4814	37025	3
2	4818	37051	4
2	4821	37076	3
2	4827	37110	4
2	4828	37113	3
2	4834	37115	4
2	4837	37142	3
2	4840	37153	2
2	4848	37194	3
2	4853	37317	2
2	4861	37385	3
2	4865	37390	4
2	4866	37398	3
2	4871	37454	2
2	4877	37464	3
2	4878	37482	2
2	4881	37490	1
2	4889	37513	0
2	4895	37530	1
2	4896	37533	0
2	4902	37534	1
2	4903	37554	0
2	5065	38757	1
2	5069	38764	2
2	5072	38789	1
2	5078	38803	2
2	5081	38873	1
2	5089	38912	2
2	5090	38918	1
2	5093	38972	0
2	5425	41643	1
2	5426	41650	0
2	5484	41962	1
2	5485	41981	0
2	5536	42242	1
2	5540	42253	2
2	5541	42298	1
2	5556	42474	0
2	5657	43479	1
2	5661	43490	2
2	5665	43510	1
2	5675	43543	0
2	5701	43650	1
2	5705	43677	2
2	5706	43683	1
2	5712	43697	2
2	5715	43727	1
2	5721	43751	2
2	5722	43753	1
2	5725	43776	0
2	5758	43947	1
2	5765	43969	0
2	5908	45087	1
2	5909	45100	0
2	5917	45141	1
2	5918	45158	0
2	5955	45300	1
2	5958	45370	0
2	5973	45439	1
2	5976	45452	0
2	5982	45461	1
2	5986	45467	2
2	5990	45472	3
2	5991	45486	2
2	5997	45496	3
2	6003	45512	4
2	6004	45513	3
2	6007	45514	2
2	6013	45533	3
2	6017	45541	4
2	6021	45545	5
2	6022	45567	4
2	6030	45597	5
2	6033	45642	4
2	6039	45665	5
2	6045	45724	6
2	6048	45787	5
2	6054	45796	6
2	6058	45809	7
2	6059	45815	6
2	6064	45877	5
2	6069	45889	4
2	6075	45919	5
2	6079	45924	6
2	6080	45939	5
2	6085	45960	4
2	6093	46062	5
2	6099	46105	6
2	6103	46106	7
2	6104	46134	6
2	6109	46145	5
2	6114	46225	4
2	6117	46250	3
2	6122	46316	2
2	6125	46329	1
2	6133	46340	2
2	6134	46353	1
2	6140	46383	2
2	6141	46394	1
2	6149	46411	2
2	6153	46414	3
2	6157	46432	4
2	6163	46465	5
2	6164	46471	4
2	6170	46501	3
2	6177	46598	2
2	6183	46634	3
2	6184	46641	2
2	6198	46722	3
2	6204	46750	4
2	6208	46753	5
2	6212	46766	6
2	6215	46799	5
2	6221	46825	6
2	6225	46826	7
2	6228	46851	6
2	6231	46884	5
2	6239	46947	6
2	6243	46948	7
2	6244	46965	6
2	6252	46983	7
2	6253	46986	6
2	6256	46989	5
2	6262	47001	6
2	6266	47003	7
2	6270	47020	8
2	6271	47037	7
2	6276	47078	6
2	6284	47112	7
2	6285	47130	6
2	6288	47139	5
2	6293	47190	4
2	6299	47197	5
2	6300	47217	4
2	6303	47218	3
2	6306	47229	2
2	6311	47277	1
2	6319	47300	2
2	6320	47319	1
2	6323	47325	0
2	6439	48154	1
2	6443	48189	2
2	6446	48217	1
2	6449	48229	0
2	6457	48259	1
2	6461	48273	2
2	6462	48313	1
2	6467	48351	0
2	6557	49054	1
2	6560	49097	0
2	6568	49170	1
2	6569	49178	0
2	6575	49188	1
2	6581	49254	2
2	6582	49270	1
2	6585	49277	0
2	7067	53097	1
2	7071	53119	2
2	7074	53127	1
2	7077	53182	0
2	7085	53202	1
2	7086	53211	0
2	7092	53221	1
2	7096	53233	2
2	7102	53250	3
2	7103	53269	2
2	7109	53301	3
2	7114	53381	2
2	7117	53385	1
2	7123	53433	2
2	7129	53451	3
2	7133	53452	4
2	7134	53478	3
2	7139	53520	2
2	7142	53524	1
2	7145	53530	0
2	7202	54048	1
2	7205	54086	0
2	7509	56650	1
2	7510	56673	0
2	7599	57271	1
2	7602	57281	0
2	8171	61770	1
2	8172	61783	0
2	8225	62182	1
2	8228	62270	0
2	8245	62361	1
2	8246	62369	0
2	8460	64495	1
2	8469	64549	2
2	8472	64599	1
2	8492	64754	0
2	8587	65590	1
2	8588	65593	0
2	8675	66380	1
2	8676	66393	0
2	8773	67302	1
2	8777	67325	2
2	8781	67326	3
2	8784	67335	2
2	8787	67349	1
2	8790	67351	0
2	8796	67353	1
2	8800	67362	2
2	8803	67413	1
2	8809	67413	2
2	8810	67451	1
2	8818	67465	2
2	8822	67472	3
2	8826	67488	4
2	8833	67514	5
2	8839	67559	6
2	8842	67601	5
2	8845	67629	4
2	8848	67641	3
2	8859	67695	2
2	8862	67703	1
2	8867	67761	0
2	8875	67825	1
2	8881	67870	2
2	8884	67939	1
2	8892	67986	2
2	8893	68016	1
2	8898	68058	0
2	8906	68107	1
2	8907	68110	0
2	8922	68185	1
2	8923	68207	0
2	9036	69181	1
2	9042	69201	2
2	9043	69227	1
2	9046	69241	0
2	9254	71054	1
2	9258	71103	2
2	9261	71109	1
2	9264	71137	0
2	9281	71240	1
2	9282	71246	0
2	9306	71382	1
2	9309	71429	0
2	9315	71473	1
2	9316	71487	0
2	9351	71721	1
2	9359	71815	2
2	9365	71879	3
2	9366	71880	2
2	9372	71880	3
2	9373	71893	2
2	9379	71899	3
2	9383	71900	4
2	9386	71937	3
2	9389	71944	2
2	9392	71966	1
2	9398	71983	2
2	9411	72011	3
2	9412	72055	2
2	9417	72074	1
2	9420	72077	0
2	9426	72079	1
2	9430	72080	2
2	9434	72122	3
2	9442	72216	4
2	9443	72220	3
2	9451	72257	4
2	9452	72266	3
2	9455	72268	2
2	9463	72354	3
2	9464	72377	2
2	9472	72406	3
2	9476	72407	4
2	9486	72512	3
2	9491	72533	2
2	9503	72582	3
2	9504	72586	2
2	9512	72637	3
2	9515	72644	2
2	9518	72668	1
2	9521	72696	0
2	9565	72976	1
2	9569	72986	2
2	9570	72988	1
2	9573	72993	0
2	9789	74744	1
2	9792	74814	0
2	9816	74938	1
2	9822	74967	2
2	9826	74971	3
2	9827	74975	2
2	9830	74984	1
2	9833	74996	0
2	9844	75017	1
2	9849	75060	0
2	10018	76369	1
2	10022	76401	2
2	10023	76413	1
2	10028	76421	0
2	10156	77167	1
2	10160	77171	2
2	10166	77191	3
2	10167	77202	2
2	10170	77227	1
2	10178	77250	2
2	10179	77254	1
2	10185	77264	2
2	10189	77310	3
2	10192	77347	2
2	10197	77388	1
2	10203	77411	2
2	10211	77505	3
2	10214	77590	2
2	10219	77654	1
2	10222	77664	0
2	10257	77891	1
2	10258	77904	0
2	10264	77936	1
2	10265	77941	0
2	10366	78741	1
2	10370	78746	2
2	10373	78805	1
2	10376	78807	0
2	10389	78857	1
2	10392	78891	0
2	10440	79331	1
2	10441	79339	0
2	10514	79809	1
2	10515	79822	0
2	10658	80866	1
2	10659	80884	0
2	10665	80892	1
2	10668	80960	0
2	10676	80983	1
2	10677	80990	0
2	10793	81780	1
2	10796	81826	0
2	10871	82446	1
2	10872	82458	0
2	10958	83164	1
2	10959	83192	0
2	10967	83204	1
2	10968	83253	0
2	10976	83317	1
2	10977	83319	0
2	10985	83338	1
2	10991	83408	2
2	10999	83571	3
2	11005	83602	4
2	11006	83617	3
2	11011	83666	2
2	11014	83671	1
2	11017	83674	0
2	11032	83730	1
2	11033	83734	0
2	11041	83798	1
2	11042	83824	0
2	11082	84022	1
2	11085	84054	0
2	11202	84963	1
2	11203	84975	0
2	11295	85591	1
2	11299	85592	2
2	11303	85600	3
2	11305	85608	2
2	11310	85608	3
2	11326	85700	2
2	11329	85712	1
2	11334	85756	0
2	11342	85803	1
2	11343	85804	0
3	0	0	0
4	17	19	19
4	35	318	190
4	44	373	373
4	61	520	328
4	79	732	732
4	81	767	703
4	97	857	473
4	119	1067	555
4	126	1073	753
4	129	1077	501
4	133	1143	695
4	144	1238	598
4	146	1249	993
4	162	1374	1374
4	176	1413	709
4	183	1445	549
4	190	1468	700
4	199	1491	531
4	215	1538	450
4	218	1550	398
4	224	1584	240
4	233	1615	115
4	235	1652	436
4	246	1735	903
4	255	1831	359
4	264	1886	222
4	268	1938	402
4	274	2109	701
4	298	2447	655
4	300	2453	853
4	321	2606	1582
4	325	2658	738
4	334	2698	1418
4	336	2713	857
4	345	2807	695
4	363	2967	791
4	375	3059	819
4	386	3149	1165
4	392	3192	192
4	403	3285	1557
4	419	3438	1006
4	431	3451	1083
4	435	3485	1181
4	441	3594	1034
4	450	3673	1049
4	464	3754	1258
4	468	3814	934
4	472	3861	1813
4	496	3951	1263
4	509	3997	1181
4	512	4012	876
4	518	4102	902
4	534	4240	1296
4	536	4280	1272
4	540	4346	1274
4	549	4400	1136
4	558	4503	1175
4	573	4665	165
4	577	4707	1315
4	597	4957	2205
4	608	5066	1482
4	615	5085	1373
4	622	5091	1251
4	636	5164	1260
4	638	5169	1713
4	660	5278	1502
4	674	5384	1736
4	689	5508	1540
4	706	5631	1535
4	729	5754	2234
4	734	5803	1579
4	737	5819	1467
4	746	5852	1692
4	751	5889	1345
4	758	5930	1642
4	763	5968	1936
4	766	5994	1258
4	778	6033	1617
4	787	6082	1218
4	794	6110	1502
4	803	6155	1355
4	808	6250	1578
4	817	6290	1170
4	824	6330	1850
4	841	6391	1143
4	846	6400	400
4	848	6418	1362
4	857	6483	1299
4	859	6496	1504
4	868	6534	534
4	877	6637	1325
4	893	6720	1280
4	900	6767	1839
4	913	6811	1115
4	916	6825	1065
4	918	6830	942
4	931	6984	1608
4	945	7095	1271
4	949	7150	1646
4	958	7192	1192
4	974	7332	1188
4	978	7412	1844
4	993	7574	1942
4	996	7616	116
4	1001	7690	1738
4	1024	8027	1755
4	1025	8027	1819
4	1052	8337	1809
4	1054	8363	2283
4	1077	8526	2062
4	1079	8542	1950
4	1081	8564	2228
4	1094	8742	2022
4	1103	8803	2147
4	1112	8891	2875
4	1134	9095	2695
4	1146	9143	143
4	1150	9157	2245
4	1154	9229	2253
4	1163	9312	2464
4	1165	9322	2282
4	1186	9466	2362
4	1190	9486	2318
4	1192	9506	2210
4	1215	9677	2253
4	1224	9734	2374
4	1226	9737	2185
4	1241	9856	2368
4	1249	9865	2121
4	1253	9937	2705
4	1269	10093	3309
4	1271	10105	2297
4	1275	10126	2510
4	1282	10150	2150
4	1296	10201	2073
4	1310	10269	2077
4	1314	10305	2369
4	1321	10351	2671
4	1325	10380	2316
4	1349	10514	2258
4	1361	10577	2257
4	1384	10684	184
4	1386	10687	1983
4	1391	10739	2099
4	1400	10796	2924
4	1405	10820	2372
4	1408	10852	2468
4	1414	10856	2024
4	1416	10871	2103
4	1453	11112	2024
4	1478	11318	2358
4	1481	11325	2429
4	1486	11361	2209
4	1489	11389	2813
4	1494	11418	2138
4	1499	11475	2259
4	1504	11534	2190
4	1511	11552	3040
4	1520	11594	2186
4	1541	11710	1918
4	1546	11751	2727
4	1549	11753	2089
4	1553	11776	1920
4	1567	11854	2318
4	1570	11888	1840
4	1574	11909	2437
4	1583	11995	2075
4	1610	12150	1974
4	1619	12174	2574
4	1622	12183	1879
4	1626	12267	2155
4	1640	12318	1822
4	1644	12368	2384
4	1657	12444	444
4	1661	12487	2759
4	1663	12526	2094
4	1674	12629	2005
4	1676	12638	638
4	1702	13088	2848
4	1704	13091	2723
4	1738	13510	2758
4	1751	13591	91
4	1755	13648	2960
4	1769	13717	2581
4	1773	13800	2984
4	1793	13895	2695
4	1796	13898	2826
4	1798	13925	2917
4	1809	14057	3177
4	1827	14214	3270
4	1829	14221	3661
4	1836	14261	2677
4	1854	14416	2960
4	1856	14426	3162
4	1868	14440	3112
4	1883	14562	2850
4	1886	14589	2749
4	1896	14630	2726
4	1897	14630	2662
4	1901	14663	3015
4	1920	14733	2733
4	1937	14831	2735
4	1946	14885	2661
4	1951	14943	2591
4	1954	14970	3194
4	1966	15006	3614
4	1975	15045	2757
4	1988	15137	2657
4	1999	15233	233
4	2007	15319	2903
4	2010	15329	3809
4	2017	15359	2751
4	2021	15381	3221
4	2032	15520	3488
4	2036	15557	2757
4	2039	15616	3072
4	2058	15831	3095
4	2060	15840	2848
4	2082	16162	3234
4	2096	16201	3145
4	2107	16353	3489
4	2109	16362	3690
4	2126	16614	114
4	2155	16836	3716
4	2158	16868	3684
4	2164	16986	3674
4	2166	17005	3757
4	2170	17070	3566
4	2184	17120	3552
4	2188	17154	3714
4	2204	17291	3915
4	2218	17398	3574
4	2227	17437	3805
4	2239	17456	3440
4	2241	17470	3390
4	2245	17490	3730
4	2270	17789	4093
4	2279	17820	3548
4	2294	17977	4025
4	2320	18075	3931
4	2323	18085	3621
4	2328	18117	3589
4	2335	18142	3550
4	2340	18218	3818
4	2349	18261	4053
4	2353	18311	3975
4	2363	18433	4545
4	2375	18472	472
4	2391	18607	607
4	2399	18635	3723
4	2402	18637	3917
4	2404	18641	3793
4	2406	18649	3865
4	2408	18668	3628
4	2436	18726	3750
4	2439	18727	3367
4	2450	18844	3548
4	2457	18865	3697
4	2459	18879	3391
4	2477	19070	3454
4	2488	19145	3465
4	2497	19207	4103
4	2499	19208	3976
4	2517	19290	3546
4	2522	19336	4680
4	2524	19373	3565
4	2528	19428	4004
4	2560	19693	193
4	2568	19715	3587
4	2571	19723	3723
4	2573	19727	3855
4	2575	19761	4209
4	2584	19814	3622
4	2595	19911	3527
4	2597	19934	3614
4	2612	20200	4136
4	2628	20322	3746
4	2639	20426	3978
4	2658	20531	3891
4	2662	20566	4630
4	2666	20661	3957
4	2677	20756	3924
4	2684	20779	4267
4	2695	20925	3901
4	2704	20969	4073
4	2734	21129	129
4	2737	21134	4046
4	2738	21134	4174
4	2754	21288	4072
4	2773	21534	4382
4	2782	21620	4852
4	2795	21678	4334
4	2804	21755	4475
4	2813	21781	4309
4	2824	21818	4090
4	2831	21913	4057
4	2834	21916	5660
4	2840	21922	4258
4	2846	21953	4353
4	2848	21964	3964
4	2858	22046	4638
4	2871	22126	3950
4	2877	22222	4302
4	2881	22316	4204
4	2885	22383	4335
4	2900	22573	73
4	2917	22878	5086
4	2933	22992	5008
4	2940	23023	4719
4	2942	23034	5498
4	2956	23087	4719
4	2966	23168	4928
4	3002	23529	4905
4	3009	23536	4656
4	3014	23560	4808
4	3023	23636	4948
4	3032	23717	5221
4	3035	23730	4786
4	3039	23767	5207
4	3041	23788	4716
4	3077	24057	4793
4	3080	24063	5247
4	3084	24095	5663
4	3103	24219	4827
4	3111	24252	5244
4	3116	24287	4959
4	3127	24319	319
4	3131	24324	4868
4	3133	24376	5176
4	3149	24457	4937
4	3151	24485	4837
4	3173	24651	4747
4	3176	24675	4707
4	3178	24696	5560
4	3182	24759	4919
4	3193	24864	864
4	3220	25168	5584
4	3227	25208	5432
4	3236	25260	5228
4	3238	25262	5038
4	3247	25293	5581
4	3276	25522	5362
4	3279	25527	5111
4	3290	25610	5322
4	3293	25615	5263
4	3301	25665	165
4	3303	25710	5230
4	3305	25713	5105
4	3314	25738	5642
4	3323	25843	5299
4	3349	26276	5412
4	3353	26333	5533
4	3382	26450	5778
4	3387	26498	5442
4	3391	26560	5824
4	3394	26571	5259
4	3400	26718	5726
4	3409	26766	5838
4	3411	26767	5647
4	3427	26918	5670
4	3436	26994	5618
4	3449	27077	77
4	3451	27084	5900
4	3462	27259	5691
4	3500	27635	6003
4	3509	27682	6242
4	3512	27694	5870
4	3514	27708	5948
4	3518	27771	5755
4	3532	27826	5682
4	3550	27996	6044
4	3567	28080	6192
4	3572	28102	5830
4	3575	28104	5640
4	3588	28196	5860
4	3593	28234	6730
4	3602	28314	5722
4	3604	28323	5795
4	3608	28375	6295
4	3629	28597	5877
4	3633	28652	6444
4	3644	28697	5849
4	3650	28744	244
4	3657	28761	5977
4	3667	28864	7168
4	3672	28937	6537
4	3684	28984	6008
4	3709	29222	6054
4	3711	29239	6007
4	3715	29288	6184
4	3720	29376	6720
4	3742	29530	6490
4	3758	29667	6179
4	3760	29668	6372
4	3784	29777	6417
4	3797	29874	6066
4	3811	29916	7004
4	3814	29949	5949
4	3822	29971	6355
4	3836	30002	6578
4	3845	30034	6482
4	3848	30037	5973
4	3855	30151	6407
4	3862	30191	6063
4	3879	30338	6338
4	3882	30338	6082
4	3886	30349	6477
4	3887	30349	6029
4	3896	30405	6725
4	3905	30465	465
4	3912	30505	6569
4	3925	30565	565
4	3929	30593	6145
4	3943	30701	6509
4	3945	30706	5938
4	3956	30811	6107
4	3976	30918	6342
4	3989	30978	6146
4	3992	31016	6120
4	4007	31167	6527
4	4014	31243	6091
4	4017	31266	6754
4	4019	31282	6898
4	4021	31294	6206
4	4025	31297	6337
4	4048	31594	6250
4	4056	31652	6436
4	4065	31724	6316
4	4071	31827	327
4	4085	31880	6280
4	4087	31885	6861
4	4094	31912	6632
4	4112	32113	6385
4	4121	32188	6524
4	4130	32237	6381
4	4151	32357	6373
4	4153	32366	6318
4	4167	32441	6329
4	4169	32447	6527
4	4189	32528	6992
4	4194	32597	6293
4	4196	32607	7135
4	4198	32637	6461
4	4221	32773	6341
4	4228	32823	6199
4	4230	32828	6460
4	4234	32838	7046
4	4236	32853	6357
4	4262	33046	6358
4	4264	33061	6821
4	4272	33273	6713
4	4283	33362	6610
4	4299	33476	6660
4	4326	33563	6363
4	4329	33576	6696
4	4331	33577	577
4	4335	33650	6642
4	4344	33691	6747
4	4350	33805	6541
4	4371	34050	6978
4	4372	34050	6594
4	4381	34136	6744
4	4408	34205	6685
4	4419	34337	6689
4	4422	34338	7010
4	4429	34346	6634
4	4434	34424	6840
4	4438	34455	6615
4	4456	34602	6698
4	4458	34610	110
4	4482	34740	6708
4	4491	34780	7004
4	4494	34787	6435
4	4507	34877	6909
4	4512	34881	6401
4	4515	34901	6805
4	4517	34918	6694
4	4521	34966	6806
4	4541	35202	6658
4	4557	35333	7045
4	4571	35408	6992
4	4577	35451	6715
4	4586	35485	6877
4	4595	35543	6871
4	4610	35663	6863
4	4617	35778	6658
4	4620	35778	6850
4	4622	35789	8653
4	4624	35805	6749
4	4633	35846	6598
4	4640	35862	6678
4	4656	35974	7110
4	4672	36081	7089
4	4683	36204	6828
4	4694	36316	7004
4	4696	36319	6751
4	4719	36402	6898
4	4724	36460	6764
4	4741	36515	515
4	4743	36536	6712
4	4748	36546	546
4	4755	36575	6943
4	4768	36617	6665
4	4775	36667	6651
4	4797	36818	6818
4	4799	36860	7420
4	4822	37076	6996
4	4829	37113	7353
4	4838	37142	6870
4	4841	37153	6753
4	4854	37317	6853
4	4867	37398	7190
4	4872	37454	7566
4	4879	37482	7338
4	4882	37490	6706
4	4890	37513	6921
4	4897	37533	6557
4	4904	37554	6706
4	4909	37574	6854
4	4924	37716	7060
4	4926	37736	6632
4	4928	37742	242
4	4939	37830	7302
4	4950	37988	6948
4	4959	38051	6819
4	4975	38171	6747
4	4977	38186	7274
4	4979	38189	6829
4	4988	38271	6783
4	4994	38357	7189
4	5008	38442	8106
4	5024	38530	6914
4	5026	38582	6838
4	5050	38699	7147
4	5056	38730	6922
4	5073	38789	6725
4	5082	38873	7577
4	5091	38918	6726
4	5094	38972	6716
4	5099	38980	7044
4	5106	39070	7390
4	5108	39097	7097
4	5124	39231	7359
4	5133	39251	6803
4	5144	39294	294
4	5156	39424	7040
4	5161	39489	6849
4	5163	39495	7175
4	5170	39515	7003
4	5179	39613	7485
4	5188	39647	7071
4	5199	39755	7051
4	5211	39769	7001
4	5213	39782	6886
4	5226	39964	6940
4	5239	40180	7348
4	5253	40242	7090
4	5257	40268	7180
4	5259	40316	7356
4	5277	40460	7052
4	5294	40518	6982
4	5305	40660	7188
4	5311	40699	199
4	5322	40818	7602
4	5331	40858	7130
4	5337	40963	7299
4	5348	41107	7315
4	5355	41149	7293
4	5373	41318	8038
4	5389	41412	7428
4	5398	41517	7917
4	5407	41589	7669
4	5416	41611	7371
4	5427	41650	7602
4	5430	41651	7283
4	5434	41696	7392
4	5441	41703	7271
4	5443	41712	7536
4	5464	41804	8460
4	5466	41855	7743
4	5486	41981	7357
4	5491	41992	7304
4	5502	42055	7175
4	5511	42153	7209
4	5515	42206	7646
4	5542	42298	7162
4	5555	42451	451
4	5557	42474	7402
4	5560	42485	7285
4	5571	42614	7862
4	5575	42671	7663
4	5577	42678	7862
4	5586	42743	743
4	5595	42781	7517
4	5604	42850	7394
4	5608	42941	7549
4	5619	43044	7716
4	5666	43510	7670
4	5676	43543	7831
4	5679	43553	7969
4	5688	43592	7944
4	5690	43593	7593
4	5707	43683	9187
4	5716	43727	7951
4	5723	43753	8233
4	5727	43776	7680
4	5731	43821	7661
4	5735	43843	7619
4	5747	43875	7523
4	5766	43969	7553
4	5769	43988	8020
4	5771	43991	7959
4	5780	44075	7787
4	5784	44137	8233
4	5788	44167	667
4	5800	44223	7551
4	5804	44254	7646
4	5813	44333	7853
4	5829	44433	7697
4	5836	44443	7643
4	5847	44576	7648
4	5861	44668	7804
4	5874	44832	8288
4	5876	44845	7533
4	5897	45037	7981
4	5910	45100	8108
4	5919	45158	7782
4	5922	45169	7921
4	5926	45199	7759
4	5935	45255	7623
4	5941	45268	268
4	5959	45370	8250
4	5964	45382	7494
4	5977	45452	7884
4	5992	45486	7726
4	6005	45513	7561
4	6008	45514	7434
4	6023	45567	8383
4	6034	45642	8138
4	6049	45787	7643
4	6060	45815	7991
4	6065	45877	8181
4	6070	45889	7361
4	6081	45939	7923
4	6086	45960	7624
4	6105	46134	7862
4	6110	46145	7553
4	6115	46225	7505
4	6118	46250	8042
4	6123	46316	7340
4	6126	46329	7545
4	6135	46353	7953
4	6142	46394	7482
4	6165	46471	7367
4	6171	46501	7653
4	6178	46598	7302
4	6185	46641	7601
4	6200	46745	245
4	6216	46799	8143
4	6229	46851	8387
4	6232	46884	7652
4	6245	46965	7605
4	6254	46986	7818
4	6257	46989	7309
4	6272	47037	7613
4	6277	47078	7526
4	6286	47130	7642
4	6289	47139	7523
4	6294	47190	7382
4	6301	47217	7217
4	6304	47218	7026
4	6307	47229	7357
4	6312	47277	6957
4	6321	47319	7383
4	6324	47325	7069
4	6327	47337	7593
4	6331	47371	7243
4	6343	47412	7028
4	6347	47446	7382
4	6351	47522	6882
4	6372	47620	7172
4	6374	47636	7124
4	6376	47641	7065
4	6396	47900	7004
4	6405	47938	6914
4	6430	48132	7044
4	6447	48217	7449
4	6450	48229	229
4	6463	48313	7161
4	6468	48351	7519
4	6471	48352	7136
4	6479	48395	395
4	6481	48425	7465
4	6490	48474	6938
4	6508	48682	7338
4	6512	48750	7150
4	6516	48779	8075
4	6527	48920	7448
4	6546	49011	7219
4	6561	49097	7433
4	6570	49178	7322
4	6583	49270	7990
4	6586	49277	7869
4	6593	49350	7622
4	6600	49361	7249
4	6602	49372	7324
4	6604	49386	7210
4	6608	49468	7228
4	6634	49618	7250
4	6636	49620	7636
4	6645	49685	7685
4	6659	49762	7458
4	6675	49865	7433
4	6683	49939	439
4	6692	49986	7298
4	6694	49993	7177
4	6701	50007	7383
4	6703	50031	7535
4	6707	50081	8161
4	6725	50270	7518
4	6731	50414	7854
4	6761	50640	7760
4	6768	50667	7531
4	6770	50686	7678
4	6774	50745	7801
4	6792	50884	7556
4	6806	50945	7425
4	6820	51089	7889
4	6827	51103	7711
4	6829	51120	7408
4	6836	51128	7544
4	6840	51159	8087
4	6848	51204	204
4	6870	51542	7766
4	6877	51579	7739
4	6881	51587	8131
4	6883	51616	7648
4	6919	52050	7954
4	6932	52245	7957
4	6934	52266	8106
4	6949	52352	9088
4	6952	52389	8485
4	6961	52442	8026
4	6981	52559	8527
4	6982	52559	8335
4	7002	52677	177
4	7004	52682	8202
4	7006	52696	9048
4	7024	52891	8091
4	7027	52928	8192
4	7035	52951	8599
4	7037	52967	8359
4	7056	53009	8145
4	7075	53127	8199
4	7078	53182	8190
4	7087	53211	7899
4	7104	53269	8149
4	7115	53381	7941
4	7118	53385	8137
4	7135	53478	8294
4	7140	53520	8848
4	7143	53524	7828
4	7146	53530	8026
4	7149	53556	7796
4	7153	53610	8042
4	7155	53624	7992
4	7191	54012	8060
4	7206	54086	9030
4	7215	54184	8296
4	7219	54212	8836
4	7226	54231	8151
4	7228	54236	8412
4	7230	54243	243
4	7235	54336	336
4	7247	54498	8482
4	7256	54581	8309
4	7265	54638	8430
4	7283	54837	8437
4	7289	54926	8590
4	7317	55110	8582
4	7323	55253	9109
4	7332	55355	8699
4	7338	55425	10881
4	7354	55533	33
4	7360	55618	9026
4	7367	55654	8870
4	7381	55688	8712
4	7383	55694	8974
4	7385	55735	8887
4	7396	55835	8923
4	7417	55992	8952
4	7419	55993	8889
4	7430	56068	8900
4	7452	56250	8954
4	7453	56250	9018
4	7462	56294	8806
4	7466	56367	8943
4	7470	56403	9939
4	7493	56619	9067
4	7511	56673	9313
4	7516	56725	8981
4	7518	56726	8854
4	7534	56880	8944
4	7538	56937	8937
4	7540	56948	9332
4	7567	57155	155
4	7579	57159	9031
4	7581	57214	9534
4	7595	57269	9269
4	7603	57281	9473
4	7606	57307	9243
4	7608	57308	8988
4	7615	57343	9087
4	7621	57462	9270
4	7625	57475	8963
4	7651	57605	9221
4	7653	57629	9181
4	7667	57668	8772
4	7669	57686	9046
4	7673	57773	9005
4	7684	57874	8850
4	7686	57892	9316
4	7709	58049	8961
4	7723	58146	9186
4	7727	58194	8978
4	7729	58221	9069
4	7748	58244	9540
4	7750	58254	8718
4	7766	58371	8963
4	7768	58411	8811
4	7770	58418	9586
4	7779	58481	9009
4	7788	58563	8835
4	7812	58653	8669
4	7814	58683	9403
4	7829	58789	289
4	7833	58848	9056
4	7835	58852	9188
4	7847	59008	9664
4	7859	59170	9314
4	7870	59310	9390
4	7886	59410	9362
4	7894	59587	9347
4	7905	59742	9566
4	7919	59813	9381
4	7930	59915	9803
4	7932	59916	9420
4	7957	60100	9348
4	7969	60132	9508
4	7978	60166	9478
4	7980	60193	9313
4	7996	60215	9207
4	8000	60267	267
4	8004	60327	327
4	8019	60398	9582
4	8020	60398	10030
4	8024	60420	10116
4	8026	60451	9379
4	8039	60612	9668
4	8062	60834	9570
4	8066	60908	9708
4	8068	60922	9786
4	8084	61010	9554
4	8099	61273	9689
4	8101	61283	9955
4	8122	61408	9760
4	8131	61468	9756
4	8145	61581	9741
4	8151	61614	114
4	8173	61783	9815
4	8176	61792	10272
4	8187	61941	11381
4	8191	61956	10180
4	8198	61988	9828
4	8200	62006	10614
4	8229	62270	9982
4	8234	62283	9867
4	8247	62369	10273
4	8250	62377	9897
4	8254	62403	10051
4	8256	62406	10502
4	8267	62538	9994
4	8269	62551	10519
4	8285	62668	10060
4	8294	62749	9949
4	8298	62818	10594
4	8309	62953	10281
4	8318	62979	10243
4	8332	63031	31
4	8348	63165	10109
4	8352	63207	10023
4	8373	63619	10691
4	8393	63875	11011
4	8395	63891	10643
4	8406	64023	11031
4	8410	64085	10773
4	8440	64377	10873
4	8451	64463	11343
4	8473	64599	11031
4	8487	64674	174
4	8489	64682	10682
4	8493	64754	10930
4	8498	64805	11365
4	8507	64833	11201
4	8509	64846	11086
4	8513	64925	10973
4	8517	64988	11100
4	8528	65113	11097
4	8548	65371	11163
4	8555	65402	11706
4	8564	65470	11326
4	8589	65593	11513
4	8594	65605	11013
4	8596	65637	12261
4	8598	65655	11255
4	8602	65670	11334
4	8611	65738	11274
4	8647	66031	31
4	8651	66069	11285
4	8677	66393	11737
4	8680	66424	11896
4	8686	66501	11589
4	8693	66551	12279
4	8699	66625	625
4	8720	66804	11636
4	8724	66838	11734
4	8730	66961	11921
4	8737	66998	12278
4	8753	67099	12123
4	8785	67335	12103
4	8788	67349	11925
4	8791	67351	11671
4	8805	67413	11797
4	8811	67451	12155
4	8843	67601	12241
4	8846	67629	12781
4	8849	67641	12089
4	8858	67679	179
4	8860	67695	11695
4	8863	67703	12215
4	8868	67761	11953
4	8885	67939	11683
4	8894	68016	12272
4	8899	68058	11994
4	8908	68110	12238
4	8911	68122	11994
4	8924	68207	11695
4	8929	68239	12303
4	8936	68262	11942
4	8938	68278	11702
4	8949	68405	11957
4	8960	68539	12155
4	8986	68965	12261
4	8998	69020	12828
4	9000	69023	11999
4	9002	69032	12264
4	9011	69084	12444
4	9044	69227	12331
4	9047	69241	12409
4	9052	69249	12097
4	9054	69251	12163
4	9056	69281	281
4	9058	69283	12067
4	9072	69336	11992
4	9088	69455	12175
4	9090	69484	12524
4	9092	69490	11826
4	9109	69785	12377
4	9118	69865	12265
4	9138	70091	12619
4	9147	70193	12465
4	9156	70224	12240
4	9158	70229	12693
4	9171	70442	12394
4	9173	70452	12660
4	9187	70546	12626
4	9193	70571	71
4	9218	70845	12669
4	9234	70922	12490
4	9236	70957	12589
4	9262	71109	12805
4	9265	71137	13025
4	9270	71218	13362
4	9283	71246	12750
4	9286	71250	13010
4	9295	71317	12437
4	9310	71429	12677
4	9317	71487	12479
4	9322	71520	12896
4	9326	71579	12891
4	9333	71588	12452
4	9368	71880	12936
4	9374	71893	12565
4	9387	71937	12545
4	9390	71944	12744
4	9393	71966	12894
4	9413	72055	12407
4	9418	72074	12490
4	9421	72077	13517
4	9444	72220	12700
4	9453	72266	12810
4	9456	72268	13452
4	9465	72377	12537
4	9485	72492	12492
4	9488	72512	12800
4	9492	72533	12437
4	9505	72586	12682
4	9508	72601	601
4	9516	72644	12676
4	9519	72668	13404
4	9522	72696	12920
4	9527	72709	12549
4	9529	72718	12686
4	9531	72748	748
4	9535	72779	12555
4	9571	72988	12444
4	9574	72993	12513
4	9577	73020	12284
4	9581	73035	12683
4	9592	73179	12571
4	9600	73364	12564
4	9607	73378	13090
4	9616	73445	13029
4	9623	73513	12841
4	9655	73684	12692
4	9657	73695	12447
4	9659	73727	227
4	9668	73760	12832
4	9684	73900	12588
4	9686	73908	12532
4	9690	73976	12856
4	9694	74001	12945
4	9717	74189	12685
4	9726	74284	12844
4	9734	74447	13583
4	9743	74510	12942
4	9750	74555	12731
4	9764	74588	12892
4	9778	74682	13050
4	9793	74814	13054
4	9798	74827	13643
4	9805	74840	12952
4	9828	74975	13023
4	9831	74984	12776
4	9834	74996	12916
4	9850	75060	12916
4	9855	75089	12753
4	9857	75109	12581
4	9859	75112	112
4	9867	75136	13120
4	9875	75148	12748
4	9877	75189	12533
4	9900	75338	12554
4	9902	75353	12761
4	9906	75443	12979
4	9910	75470	12558
4	9928	75691	13419
4	9937	75729	13009
4	9948	75900	12732
4	9952	75917	12813
4	9977	76200	13352
4	9993	76296	12872
4	10000	76322	13346
4	10007	76331	13099
4	10024	76413	12797
4	10029	76421	13381
4	10034	76497	13137
4	10039	76541	12797
4	10053	76602	13114
4	10057	76648	13096
4	10066	76706	12898
4	10074	76744	13448
4	10083	76811	12875
4	10085	76831	331
4	10094	76872	13192
4	10106	76899	12643
4	10108	76915	12915
4	10119	77003	12811
4	10126	77031	12967
4	10130	77097	12969
4	10168	77202	12626
4	10171	77227	12843
4	10180	77254	12614
4	10193	77347	12643
4	10198	77388	12876
4	10215	77590	12822
4	10220	77654	13334
4	10223	77664	12576
4	10226	77668	13796
4	10235	77727	13279
4	10237	77752	12728
4	10259	77904	12688
4	10266	77941	12661
4	10271	77982	12638
4	10287	78051	12899
4	10296	78136	13176
4	10300	78149	12741
4	10315	78278	12806
4	10317	78296	296
4	10328	78442	13546
4	10339	78542	13006
4	10341	78566	12966
4	10374	78805	13973
4	10377	78807	13015
4	10391	78878	12878
4	10393	78891	891
4	10396	78901	12917
4	10400	78942	12830
4	10402	78945	13089
4	10429	79281	13617
4	10442	79339	13611
4	10445	79342	13038
4	10454	79398	13350
4	10458	79446	13270
4	10460	79477	13045
4	10483	79558	58
4	10494	79711	13791
4	10498	79746	13058
4	10516	79822	13070
4	10521	79919	13423
4	10523	79922	13362
4	10539	80013	13645
4	10543	80107	13163
4	10554	80201	13321
4	10561	80205	13133
4	10568	80235	13611
4	10572	80262	13254
4	10595	80508	13372
4	10604	80558	13358
4	10606	80562	14322
4	10615	80619	13163
4	10624	80680	13352
4	10640	80771	13059
4	10647	80826	13562
4	10660	80884	13108
4	10670	80960	13440
4	10678	80990	14174
4	10690	81026	13442
4	10697	81064	13224
4	10706	81090	90
4	10708	81097	13001
4	10710	81100	13132
4	10724	81198	13038
4	10728	81238	13846
4	10739	81387	13739
4	10755	81480	13576
4	10764	81556	13332
4	10773	81642	13098
4	10784	81736	13064
4	10797	81826	13794
4	10800	81848	13496
4	10804	81881	13593
4	10815	82043	13179
4	10826	82143	13727
4	10840	82203	13147
4	10849	82266	13274
4	10860	82416	13808
4	10873	82458	13338
4	10876	82485	13557
4	10883	82533	13797
4	10889	82643	14163
4	10891	82645	13333
4	10911	82777	277
4	10918	82795	13995
4	10940	83112	13672
4	10942	83126	13494
4	10960	83192	13496
4	10969	83253	14069
4	10978	83319	13943
4	11007	83617	13793
4	11012	83666	14162
4	11015	83671	14423
4	11018	83674	14106
4	11021	83682	13666
4	11034	83734	13782
4	11043	83824	13616
4	11048	83868	13788
4	11050	83876	13732
4	11059	83966	14078
4	11086	84054	13462
4	11091	84137	13737
4	11100	84166	13638
4	11102	84196	13860
4	11108	84211	211
4	11117	84263	263
4	11119	84265	14505
4	11135	84397	13549
4	11137	84415	13695
4	11147	84458	13994
4	11148	84458	13802
4	11166	84656	13872
4	11182	84772	13668
4	11204	84975	13999
4	11209	85000	14728
4	11211	85022	13662
4	11220	85061	14149
4	11232	85089	13793
4	11234	85116	14076
4	11243	85139	13651
4	11245	85166	13742
4	11258	85346	14114
4	11260	85367	14199
4	11308	85608	13672
4	11318	85638	138
4	11327	85700	14020
4	11330	85712	13968
4	11333	85748	13748
4	11335	85756	13948
4	11344	85804	14188
4	11349	85833	14281
4	11351	85840	13584
4	11353	85883	14011
4	11364	85963	13899
4	11382	86171	13787
4	11391	86244	14052
4	11400	86306	14178
4	11409	86362	13850
4	11416	86391	14391

