version 3
run General-3-20240513-00:14:38-20028
attr configname General
attr datetime 20240513-00:14:38
attr datetimef 20240513-001438
attr experiment General
attr inifile omnetpp.ini
attr iterationvars ""
attr iterationvarsd ""
attr iterationvarsf ""
attr measurement ""
attr network AirportControl
attr processid 20028
attr repetition 3
attr replication #3
attr resultdir results
attr runnumber 3
attr seedset 3
config network AirportControl
config repeat 10
config simtime-resolution s
config sim-time-limit 1440min
config **.PrioT_PCT.jobType 0
config **.PrioT_PCF.jobType 1
config **.PrioF_PCT.jobType 2
config **.PrioF_PCF.jobType 3
config **.PrioT_PCT.probArrival 0.04
config **.PrioT_PCF.probArrival 0.01
config **.PrioF_PCT.probArrival 0.01
config **.PrioF_PCF.probArrival 0.94
config **.PrioT_PCT.interarrivalRateRush 0.4min
config **.PrioT_PCF.interarrivalRateRush 0.4min
config **.PrioF_PCT.interarrivalRateRush 0.4min
config **.PrioF_PCF.interarrivalRateRush 0.4min
config **.PrioF_PCF.interarrivalRateNormal 1min
config **.PrioT_PCT.interarrivalRateNormal 1min
config **.PrioF_PCT.interarrivalRateNormal 1min
config **.PrioT_PCF.interarrivalRateNormal 1min
config **.PrioF_PCF.numberOfPeaks 4
config **.PrioF_PCT.numberOfPeaks 4
config **.PrioT_PCF.numberOfPeaks 4
config **.PrioT_PCT.numberOfPeaks 4
config **.PrioF_PCF.durationOfPeaks 150min
config **.PrioF_PCT.durationOfPeaks 150min
config **.PrioT_PCF.durationOfPeaks 150min
config **.PrioT_PCT.durationOfPeaks 150min
config **.PrioT_Server.serviceTime exponential(3min)
config **.PrioF_Server3.serviceTime exponential(5min)
config **.PrioF_Server2.serviceTime exponential(5min)
config **.PrioF_Server1.serviceTime exponential(5min)
config **.PrioF_Server0.serviceTime exponential(5min)
config **.NoPC_Server0.serviceTime exponential(3min)
config **.NoPC_Server3.serviceTime exponential(3min)
config **.NoPC_Server2.serviceTime exponential(3min)
config **.NoPC_Server1.serviceTime exponential(3min)
config **.PC_Server0.serviceTime exponential(1min)
config **.PC_Server1.serviceTime exponential(1min)

vector 0 AirportControl.PrioF_PQ queueLength:vector ETV
attr interpolationmode sample-hold
attr recordingmode vector
attr title "queue length"
vector 1 AirportControl.PrioT_PQ queueLength:vector ETV
attr interpolationmode sample-hold
attr recordingmode vector
attr title "queue length"
vector 2 AirportControl.NoPC_PQ queueLength:vector ETV
attr interpolationmode sample-hold
attr recordingmode vector
attr title "queue length"
vector 3 AirportControl.PC_PQ queueLength:vector ETV
attr interpolationmode sample-hold
attr recordingmode vector
attr title "queue length"
vector 4 AirportControl.sink lifeTime:vector ETV
attr interpolationmode none
attr recordingmode vector
attr title "lifetime of arrived jobs"
attr unit s
0	0	0	0
0	104	704	1
0	105	759	0
0	111	768	1
0	114	804	0
0	147	1024	1
0	150	1036	0
0	165	1152	1
0	167	1216	2
0	168	1242	1
0	174	1280	2
0	175	1282	1
0	181	1344	2
0	184	1382	1
0	191	1396	0
0	208	1472	1
0	213	1536	2
0	216	1570	1
0	221	1590	0
0	227	1600	1
0	228	1630	0
0	240	1664	1
0	245	1719	0
0	251	1728	1
0	252	1736	0
0	262	1792	1
0	266	1856	2
0	267	1866	1
0	275	1920	2
0	279	1984	3
0	280	1995	2
0	286	2048	3
0	289	2100	2
0	295	2112	3
0	297	2176	4
0	299	2240	5
0	301	2304	6
0	302	2330	5
0	308	2368	6
0	314	2432	7
0	316	2496	8
0	318	2560	9
0	319	2562	8
0	325	2624	9
0	329	2688	10
0	330	2704	9
0	335	2733	8
0	341	2752	9
0	342	2799	8
0	350	2816	9
0	352	2880	10
0	353	2891	9
0	361	2944	10
0	362	2985	9
0	371	3008	10
0	376	3026	9
0	381	3044	8
0	386	3051	7
0	393	3061	6
0	399	3072	7
0	408	3129	6
0	414	3136	7
0	422	3200	8
0	424	3264	9
0	425	3274	8
0	433	3328	9
0	434	3333	8
0	440	3392	9
0	441	3433	8
0	447	3456	9
0	448	3458	8
0	458	3520	9
0	459	3531	8
0	464	3539	7
0	472	3584	8
0	473	3600	7
0	478	3606	6
0	483	3633	5
0	489	3640	4
0	497	3648	5
0	499	3712	6
0	500	3720	5
0	508	3776	6
0	512	3816	5
0	516	3817	4
0	520	3831	3
0	525	3840	4
0	529	3855	3
0	534	3904	4
0	545	3968	5
0	548	4000	4
0	556	4032	5
0	558	4096	6
0	564	4160	7
0	565	4183	6
0	570	4206	5
0	576	4224	6
0	577	4228	5
0	585	4288	6
0	586	4308	5
0	593	4331	4
0	600	4346	3
0	605	4350	2
0	610	4352	3
0	617	4416	4
0	618	4429	3
0	627	4461	2
0	633	4480	3
0	634	4485	2
0	644	4508	1
0	652	4544	2
0	656	4608	3
0	662	4672	4
0	663	4719	3
0	673	4736	4
0	676	4800	3
0	680	4800	4
0	683	4814	3
0	688	4821	2
0	693	4837	1
0	701	4864	2
0	706	4886	1
0	711	4888	0
0	756	5248	1
0	760	5304	0
0	765	5312	1
0	770	5376	2
0	774	5418	1
0	778	5439	0
0	783	5440	1
0	784	5449	0
0	819	5696	1
0	824	5760	2
0	829	5824	3
0	835	5888	4
0	837	5952	5
0	838	5957	4
0	849	6000	5
0	853	6016	6
0	854	6018	5
0	862	6080	6
0	864	6144	7
0	871	6208	8
0	874	6233	7
0	879	6271	6
0	885	6272	7
0	888	6333	6
0	894	6336	7
0	895	6367	6
0	905	6400	7
0	913	6464	8
0	921	6528	9
0	922	6569	8
0	928	6592	9
0	932	6656	10
0	933	6698	9
0	939	6720	10
0	941	6784	11
0	943	6848	12
0	944	6895	11
0	949	6912	10
0	953	6912	11
0	958	6957	10
0	964	6976	11
0	968	7040	12
0	972	7104	13
0	973	7159	12
0	979	7168	13
0	980	7187	12
0	985	7192	11
0	993	7232	12
0	1001	7296	13
0	1003	7360	14
0	1004	7388	13
0	1010	7424	14
0	1013	7483	13
0	1019	7488	14
0	1024	7552	15
0	1030	7616	16
0	1034	7680	17
0	1035	7682	16
0	1041	7744	17
0	1042	7756	16
0	1048	7808	17
0	1049	7815	16
0	1058	7838	15
0	1063	7853	14
0	1073	7872	15
0	1077	7936	16
0	1078	7969	15
0	1083	7981	14
0	1091	8000	15
0	1092	8015	14
0	1097	8030	13
0	1105	8064	14
0	1110	8100	13
0	1116	8128	14
0	1117	8141	13
0	1124	8160	12
0	1130	8192	13
0	1132	8256	14
0	1134	8320	15
0	1135	8356	14
0	1142	8384	15
0	1145	8448	16
0	1146	8452	15
0	1151	8457	14
0	1158	8494	13
0	1162	8507	12
0	1167	8512	13
0	1177	8576	14
0	1179	8640	15
0	1180	8666	14
0	1185	8684	13
0	1195	8704	14
0	1196	8710	13
0	1201	8745	12
0	1209	8768	13
0	1210	8769	12
0	1215	8832	13
0	1217	8896	14
0	1219	8960	15
0	1220	8978	14
0	1228	9024	15
0	1240	9088	16
0	1246	9152	17
0	1248	9216	18
0	1250	9280	19
0	1251	9314	18
0	1259	9344	19
0	1260	9397	18
0	1266	9408	19
0	1272	9472	20
0	1274	9536	21
0	1276	9600	22
0	1280	9664	23
0	1281	9667	22
0	1286	9673	21
0	1291	9693	20
0	1297	9728	21
0	1300	9792	20
0	1304	9792	21
0	1308	9856	22
0	1313	9895	21
0	1319	9920	22
0	1323	9984	23
0	1325	10048	24
0	1326	10075	23
0	1336	10112	24
0	1337	10127	23
0	1343	10176	24
0	1349	10240	25
0	1350	10292	24
0	1355	10300	23
0	1361	10304	24
0	1363	10368	25
0	1365	10432	26
0	1368	10483	25
0	1374	10496	26
0	1381	10560	27
0	1382	10616	26
0	1388	10624	27
0	1392	10688	28
0	1393	10690	27
0	1403	10752	28
0	1408	10772	27
0	1416	10816	28
0	1419	10844	27
0	1425	10880	28
0	1426	10888	27
0	1431	10922	26
0	1436	10935	25
0	1441	10938	24
0	1446	10944	25
0	1448	11008	26
0	1453	11072	27
0	1455	11136	28
0	1465	11200	29
0	1467	11264	30
0	1469	11328	31
0	1471	11392	32
0	1472	11416	31
0	1478	11456	32
0	1479	11473	31
0	1487	11520	32
0	1488	11542	31
0	1493	11554	30
0	1498	11558	29
0	1506	11584	30
0	1509	11625	29
0	1515	11648	30
0	1519	11712	31
0	1521	11776	32
0	1523	11840	33
0	1527	11904	34
0	1529	11968	35
0	1530	11985	34
0	1539	12000	35
0	1542	12007	34
0	1548	12032	35
0	1554	12082	34
0	1558	12089	33
0	1562	12090	32
0	1567	12096	33
0	1568	12118	32
0	1573	12160	33
0	1574	12183	32
0	1578	12191	31
0	1586	12224	32
0	1592	12288	33
0	1593	12318	32
0	1601	12352	33
0	1608	12416	34
0	1613	12480	35
0	1626	12544	36
0	1629	12566	35
0	1637	12608	36
0	1641	12672	37
0	1642	12699	36
0	1647	12726	35
0	1652	12729	34
0	1658	12736	35
0	1661	12799	34
0	1667	12800	35
0	1671	12864	36
0	1672	12881	35
0	1682	12928	36
0	1683	12959	35
0	1688	12960	34
0	1696	12992	35
0	1700	13056	36
0	1704	13120	37
0	1706	13184	38
0	1707	13246	37
0	1713	13248	38
0	1714	13270	37
0	1722	13312	38
0	1723	13372	37
0	1729	13376	38
0	1730	13377	37
0	1738	13440	38
0	1747	13504	39
0	1755	13568	40
0	1757	13632	41
0	1759	13696	42
0	1760	13734	41
0	1765	13751	40
0	1771	13760	41
0	1775	13824	42
0	1781	13888	43
0	1782	13928	42
0	1788	13952	43
0	1789	13967	42
0	1795	14016	43
0	1796	14037	42
0	1804	14080	43
0	1805	14088	42
0	1811	14144	43
0	1814	14158	42
0	1819	14160	41
0	1824	14185	40
0	1832	14208	39
0	1833	14208	40
0	1845	14272	41
0	1847	14336	42
0	1848	14368	41
0	1853	14387	40
0	1859	14400	41
0	1860	14404	40
0	1868	14464	41
0	1874	14528	42
0	1875	14581	41
0	1881	14592	42
0	1882	14602	41
0	1887	14626	40
0	1899	14656	41
0	1902	14690	40
0	1907	14714	39
0	1915	14720	40
0	1917	14775	39
0	1924	14784	40
0	1926	14848	41
0	1927	14858	40
0	1935	14912	41
0	1936	14947	40
0	1942	14976	41
0	1948	15034	40
0	1954	15040	41
0	1955	15065	40
0	1961	15104	41
0	1964	15138	40
0	1970	15168	41
0	1977	15210	40
0	1982	15232	39
0	1986	15232	40
0	1991	15247	39
0	1997	15290	38
0	2002	15296	39
0	2003	15297	38
0	2007	15307	37
0	2011	15316	36
0	2015	15330	35
0	2020	15360	36
0	2021	15373	35
0	2035	15400	34
0	2044	15409	33
0	2049	15424	34
0	2057	15488	35
0	2061	15506	34
0	2069	15552	35
0	2070	15569	34
0	2074	15602	33
0	2082	15616	34
0	2087	15680	35
0	2093	15713	34
0	2099	15744	35
0	2103	15808	36
0	2106	15861	35
0	2111	15862	34
0	2117	15872	35
0	2118	15875	34
0	2130	15936	35
0	2134	16000	36
0	2135	16015	35
0	2140	16036	34
0	2146	16064	35
0	2147	16079	34
0	2155	16128	35
0	2156	16157	34
0	2162	16192	35
0	2163	16254	34
0	2168	16256	35
0	2174	16288	34
0	2182	16320	35
0	2183	16346	34
0	2191	16384	35
0	2196	16446	34
0	2202	16448	35
0	2209	16512	36
0	2216	16543	35
0	2222	16576	36
0	2226	16640	37
0	2227	16663	36
0	2235	16704	37
0	2237	16768	38
0	2241	16832	39
0	2242	16850	38
0	2250	16896	39
0	2251	16906	38
0	2256	16914	37
0	2261	16919	36
0	2266	16920	35
0	2274	16960	36
0	2277	17005	35
0	2283	17024	36
0	2288	17076	35
0	2294	17088	36
0	2297	17095	35
0	2302	17134	34
0	2308	17152	35
0	2309	17171	34
0	2316	17200	33
0	2322	17216	34
0	2324	17280	35
0	2330	17344	36
0	2333	17372	35
0	2338	17397	34
0	2344	17408	35
0	2348	17472	36
0	2350	17536	37
0	2354	17600	38
0	2356	17664	39
0	2357	17697	38
0	2365	17728	39
0	2366	17771	38
0	2372	17792	39
0	2376	17856	40
0	2377	17885	39
0	2383	17920	40
0	2384	17942	39
0	2390	17984	40
0	2395	18000	41
0	2406	18048	42
0	2408	18112	43
0	2410	18176	44
0	2413	18235	43
0	2419	18240	44
0	2421	18304	45
0	2422	18355	44
0	2432	18368	45
0	2435	18389	44
0	2441	18432	45
0	2448	18464	44
0	2453	18471	43
0	2459	18496	44
0	2463	18560	45
0	2465	18624	46
0	2470	18649	45
0	2475	18685	44
0	2483	18688	45
0	2486	18712	44
0	2493	18723	43
0	2501	18752	44
0	2503	18816	45
0	2507	18880	46
0	2508	18898	45
0	2513	18925	44
0	2519	18944	45
0	2520	18973	44
0	2528	19008	45
0	2529	19012	44
0	2537	19072	45
0	2539	19136	46
0	2540	19139	45
0	2545	19157	44
0	2551	19200	45
0	2557	19264	46
0	2558	19328	45
0	2562	19328	46
0	2568	19392	47
0	2570	19456	48
0	2571	19489	47
0	2579	19510	46
0	2585	19520	47
0	2586	19533	46
0	2590	19538	45
0	2598	19584	46
0	2609	19648	47
0	2612	19676	46
0	2617	19700	45
0	2622	19702	44
0	2629	19712	45
0	2638	19776	46
0	2640	19840	47
0	2641	19888	46
0	2647	19904	47
0	2649	19968	48
0	2652	20031	47
0	2658	20032	48
0	2660	20096	49
0	2661	20117	48
0	2673	20160	49
0	2674	20169	48
0	2680	20224	49
0	2682	20288	50
0	2684	20352	51
0	2685	20369	50
0	2693	20416	51
0	2695	20480	52
0	2697	20544	53
0	2698	20566	52
0	2703	20581	51
0	2709	20608	52
0	2710	20618	51
0	2715	20672	52
0	2720	20736	53
0	2721	20764	52
0	2729	20800	53
0	2730	20818	52
0	2737	20821	51
0	2741	20862	50
0	2746	20864	51
0	2750	20874	50
0	2758	20928	51
0	2765	20992	52
0	2769	21047	51
0	2774	21049	50
0	2782	21056	51
0	2783	21060	50
0	2788	21120	51
0	2793	21144	50
0	2797	21175	49
0	2802	21184	50
0	2806	21201	49
0	2815	21248	50
0	2822	21312	51
0	2825	21357	50
0	2835	21376	51
0	2838	21416	50
0	2843	21417	49
0	2849	21440	50
0	2852	21500	49
0	2858	21504	50
0	2862	21568	51
0	2866	21632	52
0	2867	21651	51
0	2874	21662	50
0	2879	21672	49
0	2887	21696	50
0	2889	21760	51
0	2893	21824	52
0	2894	21831	51
0	2899	21859	50
0	2907	21888	51
0	2908	21892	50
0	2917	21924	49
0	2925	21952	50
0	2926	21968	49
0	2931	21969	48
0	2937	22016	49
0	2938	22024	48
0	2942	22029	47
0	2946	22040	46
0	2954	22080	47
0	2955	22083	46
0	2959	22097	45
0	2963	22109	44
0	2968	22144	45
0	2978	22186	44
0	2983	22208	45
0	2984	22258	44
0	2992	22272	45
0	2996	22336	44
0	3000	22336	45
0	3006	22400	46
0	3008	22464	47
0	3019	22528	48
0	3023	22592	49
0	3026	22630	48
0	3032	22656	49
0	3044	22720	50
0	3045	22745	49
0	3051	22784	50
0	3053	22848	51
0	3054	22852	50
0	3061	22900	49
0	3071	22912	50
0	3072	22947	49
0	3079	22973	48
0	3085	22976	49
0	3089	23040	50
0	3093	23104	51
0	3095	23168	52
0	3096	23178	51
0	3101	23193	50
0	3107	23232	51
0	3108	23292	50
0	3114	23296	51
0	3117	23301	50
0	3122	23313	49
0	3130	23360	50
0	3136	23424	51
0	3140	23488	52
0	3142	23552	53
0	3143	23577	52
0	3149	23616	53
0	3153	23680	54
0	3154	23697	53
0	3159	23725	52
0	3165	23744	53
0	3169	23808	54
0	3170	23833	53
0	3178	23872	54
0	3180	23936	55
0	3181	23965	54
0	3193	24000	55
0	3195	24000	56
0	3198	24064	57
0	3199	24092	56
0	3204	24093	55
0	3214	24128	56
0	3221	24192	57
0	3224	24251	56
0	3232	24256	57
0	3233	24262	56
0	3243	24320	57
0	3245	24384	58
0	3246	24422	57
0	3252	24448	58
0	3254	24467	57
0	3260	24472	56
0	3264	24480	55
0	3268	24511	54
0	3273	24512	55
0	3274	24575	54
0	3279	24576	55
0	3280	24599	54
0	3284	24602	53
0	3288	24614	52
0	3293	24640	53
0	3294	24674	52
0	3298	24676	51
0	3303	24704	52
0	3304	24728	51
0	3308	24744	50
0	3313	24768	51
0	3327	24832	52
0	3328	24850	51
0	3333	24896	52
0	3334	24906	51
0	3341	24931	50
0	3346	24960	51
0	3350	24988	50
0	3355	25024	51
0	3356	25083	50
0	3361	25088	51
0	3365	25109	50
0	3373	25152	51
0	3374	25184	50
0	3379	25216	51
0	3380	25243	50
0	3385	25280	51
0	3387	25344	52
0	3395	25408	53
0	3396	25409	52
0	3400	25446	51
0	3405	25472	52
0	3409	25514	51
0	3414	25536	52
0	3429	25600	53
0	3430	25606	52
0	3437	25633	51
0	3446	25662	50
0	3451	25664	51
0	3452	25673	50
0	3460	25728	51
0	3461	25729	50
0	3468	25741	49
0	3472	25755	48
0	3477	25792	49
0	3482	25856	50
0	3487	25920	51
0	3488	25921	50
0	3493	25984	51
0	3494	26006	50
0	3504	26025	49
0	3508	26031	48
0	3516	26048	49
0	3521	26112	50
0	3532	26176	51
0	3533	26228	50
0	3538	26240	51
0	3555	26304	52
0	3556	26330	51
0	3564	26368	52
0	3566	26432	53
0	3567	26448	52
0	3575	26496	53
0	3576	26515	52
0	3580	26557	51
0	3585	26560	52
0	3586	26590	51
0	3594	26624	52
0	3599	26688	53
0	3600	26729	52
0	3605	26752	53
0	3606	26804	52
0	3611	26816	53
0	3612	26817	52
0	3629	26880	53
0	3633	26889	52
0	3637	26915	51
0	3642	26944	52
0	3643	26960	51
0	3654	27008	52
0	3655	27056	51
0	3663	27072	52
0	3664	27096	51
0	3679	27136	52
0	3694	27200	53
0	3697	27249	52
0	3703	27264	53
0	3709	27328	54
0	3711	27392	55
0	3715	27456	56
0	3716	27474	55
0	3724	27520	56
0	3725	27528	55
0	3730	27551	54
0	3740	27584	55
0	3742	27648	56
0	3744	27712	57
0	3746	27776	58
0	3747	27810	57
0	3753	27840	58
0	3754	27856	57
0	3762	27904	58
0	3763	27938	57
0	3768	27944	56
0	3774	27968	57
0	3775	27976	56
0	3781	28032	57
0	3782	28039	56
0	3786	28079	55
0	3794	28096	56
0	3796	28160	57
0	3802	28193	56
0	3808	28224	57
0	3812	28288	58
0	3816	28352	59
0	3817	28378	58
0	3825	28416	59
0	3828	28432	58
0	3836	28480	59
0	3837	28487	58
0	3848	28544	59
0	3851	28558	58
0	3857	28608	59
0	3865	28672	60
0	3868	28724	59
0	3874	28736	60
0	3876	28800	61
0	3877	28830	60
0	3882	28833	59
0	3887	28856	58
0	3893	28864	59
0	3894	28903	58
0	3898	28906	57
0	3909	28928	58
0	3910	28936	57
0	3917	28987	56
0	3922	28992	57
0	3923	28996	56
0	3927	29008	55
0	3935	29056	56
0	3936	29084	55
0	3944	29120	56
0	3949	29184	57
0	3950	29215	56
0	3954	29232	55
0	3958	29245	54
0	3966	29248	55
0	3967	29251	54
0	3975	29312	55
0	3976	29345	54
0	3981	29376	55
0	3985	29414	54
0	3990	29440	55
0	3994	29458	54
0	4005	29504	55
0	4006	29533	54
0	4011	29568	55
0	4012	29575	54
0	4019	29577	53
0	4024	29632	54
0	4025	29667	53
0	4030	29696	54
0	4031	29711	53
0	4038	29758	52
0	4043	29760	53
0	4047	29819	52
0	4052	29824	53
0	4053	29845	52
0	4064	29888	53
0	4066	29952	54
0	4071	30000	55
0	4078	30016	56
0	4082	30046	55
0	4089	30056	54
0	4100	30080	55
0	4104	30139	54
0	4109	30144	55
0	4111	30208	56
0	4123	30272	57
0	4127	30336	58
0	4128	30384	57
0	4134	30400	58
0	4135	30405	57
0	4141	30464	58
0	4145	30528	59
0	4151	30584	58
0	4157	30592	59
0	4159	30656	60
0	4165	30720	61
0	4166	30782	60
0	4172	30784	61
0	4175	30836	60
0	4181	30848	61
0	4187	30912	62
0	4192	30939	61
0	4197	30942	60
0	4202	30973	59
0	4208	30976	60
0	4211	30982	59
0	4220	31004	58
0	4226	31040	59
0	4227	31068	58
0	4235	31104	59
0	4239	31168	60
0	4240	31180	59
0	4249	31214	58
0	4254	31217	57
0	4264	31232	58
0	4267	31271	57
0	4275	31296	58
0	4276	31328	57
0	4282	31360	58
0	4283	31403	57
0	4291	31424	58
0	4293	31488	59
0	4301	31524	58
0	4309	31552	59
0	4313	31616	60
0	4317	31680	61
0	4320	31695	60
0	4326	31744	61
0	4327	31788	60
0	4334	31806	59
0	4340	31808	60
0	4342	31872	61
0	4343	31892	60
0	4349	31936	61
0	4352	31990	60
0	4360	32000	61
0	4361	32035	60
0	4367	32064	61
0	4368	32107	60
0	4374	32128	61
0	4375	32159	60
0	4383	32192	61
0	4387	32256	62
0	4388	32287	61
0	4394	32320	62
0	4398	32384	63
0	4399	32409	62
0	4405	32448	63
0	4411	32512	64
0	4412	32526	63
0	4417	32537	62
0	4423	32576	63
0	4427	32640	64
0	4428	32654	63
0	4433	32661	62
0	4440	32695	61
0	4445	32704	62
0	4446	32708	61
0	4454	32768	62
0	4458	32800	61
0	4462	32808	60
0	4470	32832	61
0	4471	32840	60
0	4475	32875	59
0	4480	32896	60
0	4484	32917	59
0	4488	32933	58
0	4496	32960	59
0	4506	32998	58
0	4517	33024	59
0	4520	33085	58
0	4526	33088	59
0	4532	33152	60
0	4533	33164	59
0	4539	33216	60
0	4540	33218	59
0	4545	33264	58
0	4550	33280	59
0	4557	33344	60
0	4558	33350	59
0	4572	33408	60
0	4573	33444	59
0	4578	33467	58
0	4583	33472	59
0	4590	33536	60
0	4594	33600	61
0	4600	33664	62
0	4601	33683	61
0	4606	33708	60
0	4612	33728	61
0	4613	33777	60
0	4618	33781	59
0	4624	33792	60
0	4626	33811	59
0	4633	33856	60
0	4635	33920	61
0	4638	33938	60
0	4644	33984	61
0	4647	34009	60
0	4655	34048	61
0	4659	34112	62
0	4660	34135	61
0	4668	34176	62
0	4669	34177	61
0	4679	34240	62
0	4680	34255	61
0	4686	34304	62
0	4688	34368	63
0	4690	34432	64
0	4692	34496	65
0	4706	34524	64
0	4711	34542	63
0	4716	34547	62
0	4722	34560	63
0	4723	34592	62
0	4731	34624	63
0	4737	34688	64
0	4741	34752	65
0	4743	34816	66
0	4744	34871	65
0	4750	34880	66
0	4751	34887	65
0	4756	34922	64
0	4762	34944	65
0	4766	35008	66
0	4768	35072	67
0	4769	35112	66
0	4777	35136	67
0	4780	35157	66
0	4785	35170	65
0	4790	35191	64
0	4796	35200	65
0	4799	35241	64
0	4804	35243	63
0	4809	35264	64
0	4810	35279	63
0	4814	35283	62
0	4818	35288	61
0	4826	35328	62
0	4827	35346	61
0	4841	35392	62
0	4843	35456	63
0	4850	35520	64
0	4854	35584	65
0	4858	35648	66
0	4859	35669	65
0	4864	35700	64
0	4872	35712	65
0	4873	35748	64
0	4879	35776	65
0	4885	35840	66
0	4887	35904	67
0	4891	35968	68
0	4892	35990	67
0	4897	35997	66
0	4906	36000	67
0	4910	36032	68
0	4916	36096	69
0	4917	36120	68
0	4922	36143	67
0	4928	36160	68
0	4929	36200	67
0	4937	36224	68
0	4942	36275	67
0	4948	36288	68
0	4955	36352	69
0	4956	36358	68
0	4964	36416	69
0	4965	36449	68
0	4970	36458	67
0	4976	36480	68
0	4977	36485	67
0	4986	36544	68
0	4990	36608	69
0	4991	36642	68
0	4996	36672	69
0	4997	36696	68
0	5005	36736	69
0	5012	36796	68
0	5018	36800	69
0	5024	36864	70
0	5028	36928	71
0	5029	36975	70
0	5035	36992	71
0	5039	37056	72
0	5041	37120	73
0	5042	37148	72
0	5049	37181	71
0	5055	37184	72
0	5056	37239	71
0	5064	37248	72
0	5069	37285	71
0	5075	37312	72
0	5076	37346	71
0	5082	37376	72
0	5083	37382	71
0	5090	37421	70
0	5100	37440	71
0	5101	37462	70
0	5106	37488	69
0	5115	37504	70
0	5119	37568	71
0	5122	37630	70
0	5130	37632	71
0	5132	37696	72
0	5136	37760	73
0	5143	37819	72
0	5149	37824	73
0	5153	37888	74
0	5155	37952	75
0	5156	37996	74
0	5164	38016	75
0	5168	38080	76
0	5169	38082	75
0	5175	38144	76
0	5177	38208	77
0	5178	38248	76
0	5184	38272	77
0	5188	38336	78
0	5190	38400	79
0	5191	38438	78
0	5199	38464	79
0	5201	38528	80
0	5202	38547	79
0	5209	38574	78
0	5215	38592	79
0	5220	38624	78
0	5225	38641	77
0	5232	38653	76
0	5238	38656	77
0	5242	38720	78
0	5246	38784	79
0	5248	38848	80
0	5249	38889	79
0	5255	38912	80
0	5256	38915	79
0	5264	38976	80
0	5265	38991	79
0	5273	39006	78
0	5279	39040	79
0	5284	39087	78
0	5292	39104	79
0	5296	39168	80
0	5297	39190	79
0	5307	39232	80
0	5308	39236	79
0	5315	39278	78
0	5321	39296	79
0	5322	39302	78
0	5330	39360	79
0	5332	39424	80
0	5334	39488	81
0	5336	39552	82
0	5341	39615	81
0	5347	39616	82
0	5349	39680	83
0	5350	39723	82
0	5356	39744	83
0	5357	39757	82
0	5362	39777	81
0	5370	39808	82
0	5378	39872	83
0	5379	39890	82
0	5384	39931	81
0	5389	39934	80
0	5393	39934	79
0	5399	39936	80
0	5401	40000	81
0	5402	40024	80
0	5407	40064	81
0	5419	40128	82
0	5420	40186	81
0	5426	40192	82
0	5427	40245	81
0	5428	40245	80
0	5436	40252	79
0	5441	40256	80
0	5446	40320	81
0	5447	40329	80
0	5454	40351	79
0	5462	40384	80
0	5469	40448	81
0	5470	40474	80
0	5480	40503	79
0	5488	40512	80
0	5496	40576	81
0	5497	40608	80
0	5505	40640	81
0	5508	40675	80
0	5513	40680	79
0	5518	40686	78
0	5523	40704	79
0	5530	40768	80
0	5532	40832	81
0	5536	40896	82
0	5538	40960	83
0	5539	40968	82
0	5548	41011	81
0	5554	41024	82
0	5555	41025	81
0	5562	41045	80
0	5568	41088	81
0	5569	41112	80
0	5574	41118	79
0	5578	41126	78
0	5583	41152	79
0	5587	41179	78
0	5591	41205	77
0	5596	41210	76
0	5601	41216	77
0	5608	41280	78
0	5613	41344	79
0	5618	41408	80
0	5619	41461	79
0	5624	41472	80
0	5633	41536	81
0	5634	41589	80
0	5640	41600	81
0	5642	41664	82
0	5643	41675	81
0	5651	41728	82
0	5653	41792	83
0	5659	41856	84
0	5660	41874	83
0	5665	41875	82
0	5673	41920	83
0	5674	41936	82
0	5682	41984	83
0	5687	42000	84
0	5690	42026	83
0	5696	42048	84
0	5697	42096	83
0	5703	42112	84
0	5709	42176	85
0	5713	42240	86
0	5714	42267	85
0	5721	42288	84
0	5727	42304	85
0	5733	42364	84
0	5739	42368	85
0	5743	42432	86
0	5744	42433	85
0	5749	42442	84
0	5753	42457	83
0	5761	42496	84
0	5772	42560	85
0	5773	42575	84
0	5784	42624	85
0	5786	42653	84
0	5791	42655	83
0	5799	42688	84
0	5800	42689	83
0	5810	42752	84
0	5814	42816	85
0	5815	42821	84
0	5820	42852	83
0	5826	42880	84
0	5828	42944	85
0	5831	43001	84
0	5837	43008	85
0	5840	43033	84
0	5848	43072	85
0	5849	43107	84
0	5854	43133	83
0	5860	43136	84
0	5861	43147	83
0	5868	43180	82
0	5872	43195	81
0	5877	43200	82
0	5887	43264	83
0	5890	43283	82
0	5895	43312	81
0	5901	43328	82
0	5904	43366	81
0	5910	43392	82
0	5916	43456	83
0	5920	43512	82
0	5926	43520	83
0	5932	43584	84
0	5936	43648	85
0	5937	43701	84
0	5943	43712	85
0	5946	43730	84
0	5956	43776	85
0	5957	43778	84
0	5966	43808	83
0	5971	43818	82
0	5979	43840	83
0	5980	43884	82
0	5987	43904	83
0	5992	43968	84
0	5993	43970	83
0	6000	43983	82
0	6001	43983	81
0	6013	44032	82
0	6014	44048	81
0	6020	44096	82
0	6024	44160	83
0	6025	44164	82
0	6035	44224	83
0	6036	44248	82
0	6042	44288	83
0	6043	44337	82
0	6049	44352	83
0	6050	44356	82
0	6055	44368	81
0	6063	44416	82
0	6065	44480	83
0	6071	44544	84
0	6072	44551	83
0	6077	44555	82
0	6083	44608	83
0	6090	44655	82
0	6096	44672	83
0	6097	44716	82
0	6103	44736	83
0	6108	44786	82
0	6114	44800	83
0	6116	44864	84
0	6117	44873	83
0	6122	44926	82
0	6127	44927	81
0	6132	44928	82
0	6139	44992	83
0	6144	45056	84
0	6146	45120	85
0	6156	45184	86
0	6161	45241	85
0	6167	45248	86
0	6168	45292	85
0	6176	45312	86
0	6177	45342	85
0	6185	45376	86
0	6187	45440	87
0	6189	45504	88
0	6191	45568	89
0	6192	45600	88
0	6200	45632	89
0	6202	45696	90
0	6204	45760	91
0	6205	45772	90
0	6210	45796	89
0	6216	45824	90
0	6217	45837	89
0	6227	45888	90
0	6229	45952	91
0	6230	45964	90
0	6238	46016	91
0	6239	46037	90
0	6245	46080	91
0	6253	46144	92
0	6254	46147	91
0	6259	46172	90
0	6267	46208	91
0	6268	46272	90
0	6272	46272	91
0	6275	46285	90
0	6281	46336	91
0	6283	46400	92
0	6289	46464	93
0	6290	46465	92
0	6298	46521	91
0	6305	46528	92
0	6307	46538	91
0	6312	46582	90
0	6318	46592	91
0	6320	46606	90
0	6334	46637	89
0	6341	46652	88
0	6347	46656	89
0	6351	46720	90
0	6354	46770	89
0	6360	46784	90
0	6362	46848	91
0	6363	46860	90
0	6373	46912	91
0	6377	46976	92
0	6380	47031	91
0	6386	47040	92
0	6387	47047	91
0	6393	47104	92
0	6396	47167	91
0	6402	47168	92
0	6404	47232	93
0	6406	47296	94
0	6407	47313	93
0	6413	47360	94
0	6414	47416	93
0	6420	47424	94
0	6424	47488	95
0	6425	47491	94
0	6436	47521	93
0	6441	47536	92
0	6447	47552	93
0	6448	47556	92
0	6453	47584	91
0	6461	47616	92
0	6462	47639	91
0	6467	47680	92
0	6468	47695	91
0	6478	47738	90
0	6486	47744	91
0	6487	47753	90
0	6491	47788	89
0	6496	47808	90
0	6501	47872	91
0	6505	47905	90
0	6509	47908	89
0	6520	47936	90
0	6528	48000	91
0	6530	48000	92
0	6534	48018	91
0	6542	48064	92
0	6543	48072	91
0	6554	48112	90
0	6562	48128	91
0	6563	48171	90
0	6568	48183	89
0	6574	48192	90
0	6576	48256	91
0	6582	48314	90
0	6591	48318	89
0	6597	48320	90
0	6598	48366	89
0	6604	48384	90
0	6605	48405	89
0	6609	48429	88
0	6618	48448	89
0	6622	48477	88
0	6629	48512	89
0	6637	48576	90
0	6638	48597	89
0	6646	48640	90
0	6647	48662	89
0	6652	48704	90
0	6653	48713	89
0	6666	48768	90
0	6667	48798	89
0	6672	48804	88
0	6676	48831	87
0	6681	48832	88
0	6690	48878	87
0	6696	48896	88
0	6700	48960	89
0	6704	49024	90
0	6705	49050	89
0	6712	49088	88
0	6716	49088	89
0	6722	49152	90
0	6726	49216	91
0	6728	49280	92
0	6729	49320	91
0	6735	49344	92
0	6738	49395	91
0	6743	49402	90
0	6749	49408	91
0	6750	49412	90
0	6761	49460	89
0	6767	49472	90
0	6771	49515	89
0	6777	49536	90
0	6779	49600	91
0	6780	49606	90
0	6785	49660	89
0	6790	49664	90
0	6798	49728	91
0	6803	49792	92
0	6804	49842	91
0	6808	49851	90
0	6812	49854	89
0	6817	49856	90
0	6822	49920	91
0	6823	49922	90
0	6831	49984	91
0	6841	50048	92
0	6844	50094	91
0	6849	50103	90
0	6855	50112	91
0	6859	50176	92
0	6864	50220	91
0	6871	50230	90
0	6879	50240	91
0	6883	50304	92
0	6884	50321	91
0	6890	50368	92
0	6891	50432	91
0	6895	50432	92
0	6901	50496	93
0	6902	50541	92
0	6908	50560	93
0	6912	50624	94
0	6914	50688	95
0	6915	50693	94
0	6920	50731	93
0	6928	50752	94
0	6929	50779	93
0	6937	50816	94
0	6940	50852	93
0	6946	50880	94
0	6952	50944	95
0	6953	50959	94
0	6962	51008	95
0	6963	51012	94
0	6968	51050	93
0	6973	51055	92
0	6981	51072	93
0	6982	51120	92
0	6987	51130	91
0	6992	51136	92
0	6993	51138	91
0	7001	51200	92
0	7006	51258	91
0	7011	51264	92
0	7021	51328	93
0	7025	51392	94
0	7027	51456	95
0	7030	51478	94
0	7035	51504	93
0	7041	51520	94
0	7043	51584	95
0	7045	51648	96
0	7047	51712	97
0	7052	51747	96
0	7058	51776	97
0	7060	51840	98
0	7061	51844	97
0	7069	51904	98
0	7073	51968	99
0	7074	52031	98
0	7080	52032	99
0	7081	52038	98
0	7088	52072	97
0	7096	52096	98
0	7097	52136	97
0	7103	52160	98
0	7111	52224	99
0	7112	52250	98
0	7118	52288	99
0	7121	52318	98
0	7126	52330	97
0	7132	52352	98
0	7136	52416	99
0	7137	52437	98
0	7143	52480	99
0	7149	52542	98
0	7155	52544	99
0	7159	52608	100
0	7160	52618	99
0	7168	52672	100
0	7175	52703	99
0	7183	52736	100
0	7185	52800	101
0	7188	52833	100
0	7194	52864	101
0	7200	52928	102
0	7201	52939	101
0	7207	52992	102
0	7208	52993	101
0	7213	53003	100
0	7218	53032	99
0	7223	53038	98
0	7228	53056	99
0	7229	53115	98
0	7234	53120	99
0	7235	53176	98
0	7240	53184	99
0	7241	53221	98
0	7249	53248	99
0	7254	53312	100
0	7262	53376	101
0	7266	53440	102
0	7272	53504	103
0	7273	53508	102
0	7278	53526	101
0	7285	53553	100
0	7291	53568	101
0	7292	53572	100
0	7299	53623	99
0	7305	53632	100
0	7308	53650	99
0	7315	53683	98
0	7320	53689	97
0	7325	53696	98
0	7329	53746	97
0	7334	53760	98
0	7340	53806	97
0	7348	53824	98
0	7351	53875	97
0	7357	53888	98
0	7361	53952	99
0	7362	53969	98
0	7367	53981	97
0	7376	54000	98
0	7380	54016	99
0	7381	54058	98
0	7393	54080	99
0	7394	54107	98
0	7399	54120	97
0	7409	54144	98
0	7413	54208	99
0	7415	54272	100
0	7417	54336	101
0	7418	54370	100
0	7426	54400	101
0	7428	54464	102
0	7429	54508	101
0	7435	54528	102
0	7436	54569	101
0	7442	54592	102
0	7443	54638	101
0	7453	54656	102
0	7454	54657	101
0	7459	54720	102
0	7469	54773	101
0	7475	54784	102
0	7481	54795	101
0	7485	54816	100
0	7489	54822	99
0	7497	54848	100
0	7502	54912	101
0	7503	54913	100
0	7510	54965	99
0	7515	54976	100
0	7525	55040	101
0	7526	55069	100
0	7536	55104	101
0	7537	55123	100
0	7543	55168	101
0	7544	55226	100
0	7550	55232	101
0	7551	55257	100
0	7559	55296	101
0	7563	55360	102
0	7565	55424	103
0	7567	55488	104
0	7571	55501	103
0	7579	55552	104
0	7583	55616	105
0	7586	55647	104
0	7598	55680	105
0	7599	55690	104
0	7607	55744	105
0	7608	55794	104
0	7616	55808	105
0	7618	55872	106
0	7619	55900	105
0	7624	55916	104
0	7630	55936	105
0	7636	56000	106
0	7639	56018	105
0	7645	56064	106
0	7646	56084	105
0	7652	56128	106
0	7653	56177	105
0	7659	56192	106
0	7661	56256	107
0	7665	56320	108
0	7666	56324	107
0	7675	56366	106
0	7681	56384	107
0	7684	56413	106
0	7692	56448	107
0	7693	56494	106
0	7699	56512	107
0	7702	56541	106
0	7708	56576	107
0	7711	56598	106
0	7717	56640	107
0	7719	56704	108
0	7723	56768	109
0	7729	56832	110
0	7730	56843	109
0	7736	56896	110
0	7738	56960	111
0	7739	56974	110
0	7750	57024	111
0	7751	57029	110
0	7757	57088	111
0	7763	57152	112
0	7769	57216	113
0	7771	57280	114
0	7775	57344	115
0	7777	57408	116
0	7778	57422	115
0	7785	57463	114
0	7791	57472	115
0	7792	57527	114
0	7798	57536	115
0	7799	57589	114
0	7805	57600	115
0	7811	57664	116
0	7815	57728	117
0	7817	57792	118
0	7818	57805	117
0	7824	57856	118
0	7826	57920	119
0	7827	57958	118
0	7833	57984	119
0	7834	58015	118
0	7841	58046	117
0	7849	58048	118
0	7850	58076	117
0	7859	58110	116
0	7865	58112	117
0	7869	58176	118
0	7871	58240	119
0	7872	58262	118
0	7878	58304	119
0	7880	58368	120
0	7884	58432	121
0	7887	58486	120
0	7893	58496	121
0	7897	58547	120
0	7905	58560	121
0	7913	58624	122
0	7916	58657	121
0	7924	58688	122
0	7925	58714	121
0	7932	58730	120
0	7937	58732	119
0	7943	58752	120
0	7945	58816	121
0	7946	58858	120
0	7952	58880	121
0	7953	58901	120
0	7960	58906	119
0	7965	58917	118
0	7969	58920	117
0	7974	58944	118
0	7986	59008	119
0	7988	59072	120
0	7992	59136	121
0	7993	59145	120
0	8001	59200	121
0	8003	59264	122
0	8004	59291	121
0	8010	59328	122
0	8014	59392	123
0	8018	59456	124
0	8020	59520	125
0	8022	59584	126
0	8024	59648	127
0	8025	59698	126
0	8031	59712	127
0	8035	59776	128
0	8037	59840	129
0	8038	59867	128
0	8043	59892	127
0	8048	59895	126
0	8054	59904	127
0	8056	59968	128
0	8061	60000	129
0	8066	60017	128
0	8072	60032	129
0	8078	60096	130
0	8079	60100	129
0	8085	60160	130
0	8091	60224	131
0	8093	60288	132
0	8099	60336	131
0	8105	60352	132
0	8113	60416	133
0	8117	60480	134
0	8118	60493	133
0	8126	60544	134
0	8128	60608	135
0	8129	60635	134
0	8134	60647	133
0	8142	60672	134
0	8143	60701	133
0	8148	60702	132
0	8155	60723	131
0	8161	60736	132
0	8164	60742	131
0	8171	60773	130
0	8178	60785	129
0	8184	60800	130
0	8189	60844	129
0	8197	60864	130
0	8199	60928	131
0	8203	60992	132
0	8204	61040	131
0	8210	61056	132
0	8211	61106	131
0	8216	61114	130
0	8222	61120	131
0	8224	61184	132
0	8228	61248	133
0	8233	61282	132
0	8239	61312	133
0	8245	61376	134
0	8247	61440	135
0	8252	61504	136
0	8253	61542	135
0	8259	61568	136
0	8261	61632	137
0	8263	61696	138
0	8264	61758	137
0	8270	61760	138
0	8272	61824	139
0	8273	61850	138
0	8278	61858	137
0	8284	61888	138
0	8291	61929	137
0	8297	61952	138
0	8298	61984	137
0	8310	62016	138
0	8314	62080	139
0	8315	62127	138
0	8321	62144	139
0	8325	62208	140
0	8326	62212	139
0	8331	62213	138
0	8339	62272	139
0	8342	62298	138
0	8350	62336	139
0	8354	62400	140
0	8355	62438	139
0	8363	62464	140
0	8365	62528	141
0	8366	62538	140
0	8374	62592	141
0	8378	62656	142
0	8380	62720	143
0	8382	62784	144
0	8384	62848	145
0	8386	62912	146
0	8388	62976	147
0	8393	63040	148
0	8394	63088	147
0	8399	63101	146
0	8405	63104	147
0	8409	63168	148
0	8414	63210	147
0	8424	63232	148
0	8426	63296	149
0	8427	63311	148
0	8433	63360	149
0	8435	63424	150
0	8436	63467	149
0	8441	63487	148
0	8447	63488	149
0	8451	63552	150
0	8452	63589	149
0	8460	63616	150
0	8466	63680	151
0	8468	63744	152
0	8470	63808	153
0	8473	63854	152
0	8481	63872	153
0	8483	63936	154
0	8484	63971	153
0	8492	64000	154
0	8494	64064	155
0	8495	64120	154
0	8501	64128	155
0	8502	64150	154
0	8508	64192	155
0	8509	64196	154
0	8515	64256	155
0	8517	64320	156
0	8519	64384	157
0	8525	64448	158
0	8526	64460	157
0	8535	64512	158
0	8541	64576	159
0	8544	64593	158
0	8554	64640	159
0	8555	64650	158
0	8563	64704	159
0	8564	64711	158
0	8572	64768	159
0	8573	64817	158
0	8578	64830	157
0	8584	64832	158
0	8586	64896	159
0	8587	64918	158
0	8594	64944	157
0	8600	64960	158
0	8601	64973	157
0	8611	65024	158
0	8612	65041	157
0	8617	65049	156
0	8625	65088	157
0	8627	65152	158
0	8630	65202	157
0	8638	65216	158
0	8642	65280	159
0	8644	65344	160
0	8648	65408	161
0	8652	65472	162
0	8653	65477	161
0	8659	65536	162
0	8662	65576	161
0	8667	65592	160
0	8673	65600	161
0	8675	65664	162
0	8678	65723	161
0	8684	65728	162
0	8686	65792	163
0	8689	65821	162
0	8695	65856	163
0	8696	65867	162
0	8703	65900	161
0	8708	65911	160
0	8714	65920	161
0	8717	65933	160
0	8723	65984	161
0	8730	66000	162
0	8739	66048	163
0	8740	66059	162
0	8749	66086	161
0	8754	66091	160
0	8758	66098	159
0	8766	66112	160
0	8767	66129	159
0	8772	66176	160
0	8779	66228	159
0	8783	66232	158
0	8788	66240	159
0	8789	66250	158
0	8803	66304	159
0	8804	66328	158
0	8815	66368	159
0	8819	66419	158
0	8827	66432	159
0	8828	66450	158
0	8836	66496	159
0	8837	66503	158
0	8845	66560	159
0	8847	66624	160
0	8848	66663	159
0	8853	66688	160
0	8862	66752	161
0	8863	66761	160
0	8869	66816	161
0	8873	66880	162
0	8874	66903	161
0	8880	66944	162
0	8881	66965	161
0	8888	67006	160
0	8889	67006	159
0	8898	67008	160
0	8899	67017	159
0	8907	67072	160
0	8908	67086	159
0	8916	67136	160
0	8921	67200	161
0	8925	67264	162
0	8930	67313	161
0	8938	67328	162
0	8941	67366	161
0	8946	67368	160
0	8951	67371	159
0	8959	67392	160
0	8963	67456	161
0	8964	67457	160
0	8975	67520	161
0	8976	67524	160
0	8982	67584	161
0	8983	67605	160
0	8988	67619	159
0	8994	67648	160
0	8995	67672	159
0	9004	67712	160
0	9005	67713	159
0	9009	67717	158
0	9013	67770	157
0	9018	67776	158
0	9019	67813	157
0	9023	67814	156
0	9028	67840	157
0	9037	67883	156
0	9045	67904	157
0	9046	67937	156
0	9054	67968	157
0	9055	67971	156
0	9062	68031	155
0	9067	68032	156
0	9074	68076	155
0	9079	68096	156
0	9084	68160	157
0	9095	68224	158
0	9096	68226	157
0	9103	68264	156
0	9108	68288	157
0	9115	68352	158
0	9118	68363	157
0	9123	68381	156
0	9131	68416	157
0	9137	68480	158
0	9139	68544	159
0	9140	68558	158
0	9150	68608	159
0	9151	68663	158
0	9157	68672	159
0	9159	68736	160
0	9161	68800	161
0	9165	68864	162
0	9166	68910	161
0	9172	68928	162
0	9176	68992	163
0	9181	69056	164
0	9182	69096	163
0	9187	69109	162
0	9195	69120	163
0	9199	69184	164
0	9207	69248	165
0	9209	69312	166
0	9211	69376	167
0	9212	69435	166
0	9218	69440	167
0	9222	69504	168
0	9224	69568	169
0	9226	69632	170
0	9227	69645	169
0	9233	69696	170
0	9236	69752	169
0	9242	69760	170
0	9243	69776	169
0	9250	69824	170
0	9253	69888	171
0	9255	69952	172
0	9259	70016	173
0	9261	70080	174
0	9263	70144	175
0	9264	70158	174
0	9270	70208	175
0	9271	70266	174
0	9277	70272	175
0	9281	70336	176
0	9285	70400	177
0	9287	70464	178
0	9288	70481	177
0	9303	70528	178
0	9304	70558	177
0	9309	70563	176
0	9315	70592	177
0	9316	70605	176
0	9325	70641	175
0	9330	70652	174
0	9336	70656	175
0	9339	70692	174
0	9347	70720	175
0	9348	70744	174
0	9358	70784	175
0	9359	70791	174
0	9364	70823	173
0	9370	70848	174
0	9371	70867	173
0	9375	70906	172
0	9380	70912	173
0	9384	70926	172
0	9389	70976	173
0	9396	70994	172
0	9403	71040	173
0	9407	71073	172
0	9413	71104	173
0	9415	71168	174
0	9416	71187	173
0	9420	71217	172
0	9425	71232	173
0	9435	71296	174
0	9436	71339	173
0	9443	71352	172
0	9448	71353	171
0	9456	71360	172
0	9460	71424	173
0	9466	71488	174
0	9467	71518	173
0	9473	71552	174
0	9475	71616	175
0	9476	71644	174
0	9483	71670	173
0	9489	71680	174
0	9493	71744	175
0	9494	71754	174
0	9499	71758	173
0	9504	71773	172
0	9508	71778	171
0	9516	71808	172
0	9517	71828	171
0	9521	71836	170
0	9526	71872	171
0	9527	71879	170
0	9535	71936	171
0	9547	72000	172
0	9549	72000	173
0	9554	72018	172
0	9559	72064	173
0	9568	72128	174
0	9571	72145	173
0	9576	72183	172
0	9582	72192	173
0	9583	72229	172
0	9592	72247	171
0	9597	72256	172
0	9598	72293	171
0	9606	72320	172
0	9610	72379	171
0	9615	72384	172
0	9616	72388	171
0	9620	72448	170
0	9624	72448	171
0	9630	72512	172
0	9631	72517	171
0	9640	72576	172
0	9644	72640	173
0	9658	72704	174
0	9662	72768	175
0	9663	72798	174
0	9668	72825	173
0	9673	72832	174
0	9682	72896	175
0	9683	72936	174
0	9688	72942	173
0	9694	72960	174
0	9698	73024	175
0	9704	73088	176
0	9706	73152	177
0	9707	73185	176
0	9712	73206	175
0	9719	73216	176
0	9722	73280	177
0	9725	73337	176
0	9730	73341	175
0	9736	73344	176
0	9738	73408	177
0	9742	73472	178
0	9746	73506	177
0	9752	73536	178
0	9753	73564	177
0	9762	73595	176
0	9768	73600	177
0	9769	73641	176
0	9774	73659	175
0	9779	73664	176
0	9785	73684	175
0	9790	73727	174
0	9795	73728	175
0	9799	73755	174
0	9804	73792	175
0	9805	73808	174
0	9809	73834	173
0	9814	73856	174
0	9819	73920	175
0	9827	73984	176
0	9829	74048	177
0	9832	74100	176
0	9838	74112	177
0	9843	74152	176
0	9849	74158	175
0	9857	74176	174
0	9858	74176	175
0	9863	74240	176
0	9874	74272	175
0	9882	74304	176
0	9883	74340	175
0	9891	74368	176
0	9892	74371	175
0	9899	74387	174
0	9907	74432	175
0	9908	74473	174
0	9913	74481	173
0	9919	74496	174
0	9924	74552	173
0	9930	74560	174
0	9933	74582	173
0	9943	74624	174
0	9944	74659	173
0	9952	74688	174
0	9956	74752	175
0	9957	74800	174
0	9963	74816	175
0	9967	74880	176
0	9969	74944	177
0	9973	75007	176
0	9979	75008	177
0	9980	75042	176
0	9985	75055	175
0	9990	75067	174
0	9995	75071	173
0	10000	75072	174
0	10013	75136	175
0	10017	75200	176
0	10021	75264	177
0	10024	75285	176
0	10029	75303	175
0	10035	75328	176
0	10037	75392	177
0	10038	75440	176
0	10044	75456	177
0	10047	75470	176
0	10055	75520	177
0	10056	75561	176
0	10062	75584	177
0	10063	75638	176
0	10070	75646	175
0	10076	75648	176
0	10077	75673	175
0	10081	75695	174
0	10086	75712	175
0	10087	75719	174
0	10094	75738	173
0	10105	75776	174
0	10107	75840	175
0	10108	75867	174
0	10113	75904	175
0	10118	75968	176
0	10123	76032	177
0	10126	76076	176
0	10131	76083	175
0	10136	76096	176
0	10140	76119	175
0	10144	76157	174
0	10149	76160	175
0	10150	76182	174
0	10160	76200	173
0	10167	76214	172
0	10172	76224	173
0	10174	76288	174
0	10175	76317	173
0	10183	76352	174
0	10193	76416	175
0	10199	76480	176
0	10200	76498	175
0	10208	76510	174
0	10214	76544	175
0	10219	76600	174
0	10225	76608	175
0	10227	76672	176
0	10230	76704	175
0	10238	76736	176
0	10248	76800	177
0	10249	76860	176
0	10255	76864	177
0	10258	76904	176
0	10263	76910	175
0	10268	76918	174
0	10274	76928	175
0	10275	76970	174
0	10281	76992	175
0	10284	77038	174
0	10292	77056	175
0	10296	77120	176
0	10297	77134	175
0	10304	77179	174
0	10310	77184	175
0	10316	77248	176
0	10317	77267	175
0	10323	77312	176
0	10327	77376	177
0	10328	77415	176
0	10336	77440	177
0	10337	77475	176
0	10345	77504	177
0	10347	77568	178
0	10348	77617	177
0	10354	77632	178
0	10356	77696	179
0	10358	77760	180
0	10363	77794	179
0	10368	77810	178
0	10374	77824	179
0	10375	77855	178
0	10380	77869	177
0	10386	77888	178
0	10387	77895	177
0	10392	77926	176
0	10398	77939	175
0	10406	77952	176
0	10407	77976	175
0	10415	78000	176
0	10419	78016	177
0	10423	78063	176
0	10427	78069	175
0	10432	78080	176
0	10433	78123	175
0	10441	78144	176
0	10452	78208	177
0	10453	78260	176
0	10458	78272	177
0	10465	78336	178
0	10467	78400	179
0	10474	78464	180
0	10478	78528	181
0	10479	78543	180
0	10485	78592	181
0	10489	78656	182
0	10495	78720	183
0	10499	78784	184
0	10501	78848	185
0	10503	78912	186
0	10504	78918	185
0	10510	78976	186
0	10511	79025	185
0	10517	79040	186
0	10518	79071	185
0	10523	79092	184
0	10529	79104	185
0	10539	79168	186
0	10542	79208	185
0	10548	79232	186
0	10549	79294	185
0	10555	79296	186
0	10559	79360	187
0	10562	79380	186
0	10567	79403	185
0	10581	79424	186
0	10582	79450	185
0	10588	79488	186
0	10595	79552	187
0	10597	79616	188
0	10603	79680	189
0	10604	79689	188
0	10612	79744	189
0	10613	79759	188
0	10618	79762	187
0	10624	79808	188
0	10628	79872	189
0	10629	79902	188
0	10635	79936	189
0	10638	79984	188
0	10644	80000	189
0	10645	80032	188
0	10650	80043	187
0	10655	80064	188
0	10662	80128	189
0	10666	80192	190
0	10670	80256	191
0	10673	80289	190
0	10681	80320	191
0	10682	80325	190
0	10687	80329	189
0	10697	80384	190
0	10699	80448	191
0	10701	80512	192
0	10703	80576	193
0	10704	80589	192
0	10709	80618	191
0	10715	80640	192
0	10716	80683	191
0	10722	80704	192
0	10723	80718	191
0	10730	80760	190
0	10736	80768	191
0	10740	80832	192
0	10743	80863	191
0	10749	80896	192
0	10754	80947	191
0	10760	80960	192
0	10766	81017	191
0	10772	81024	192
0	10773	81069	191
0	10780	81085	190
0	10786	81088	191
0	10787	81112	190
0	10793	81152	191
0	10794	81182	190
0	10808	81216	191
0	10814	81280	192
0	10816	81344	193
0	10817	81350	192
0	10824	81354	191
0	10830	81408	192
0	10836	81472	193
0	10837	81473	192
0	10842	81508	191
0	10847	81530	190
0	10852	81534	189
0	10857	81536	190
0	10862	81600	191
0	10868	81664	192
0	10870	81728	193
0	10875	81773	192
0	10881	81792	193
0	10882	81793	192
0	10888	81856	193
0	10889	81860	192
0	10894	81867	191
0	10899	81877	190
0	10906	81892	189
0	10910	81915	188
0	10915	81920	189
0	10920	81984	190
0	10927	82048	191
0	10931	82112	192
0	10932	82120	191
0	10938	82176	192
0	10941	82222	191
0	10947	82240	192
0	10948	82261	191
0	10954	82304	192
0	10958	82368	193
0	10964	82432	194
0	10965	82468	193
0	10971	82496	194
0	10979	82522	193
0	10985	82560	194
0	10986	82591	193
0	10994	82624	194
0	10998	82688	195
0	11003	82749	194
0	11009	82752	195
0	11011	82816	196
0	11015	82880	197
0	11016	82899	196
0	11021	82904	195
0	11031	82944	196
0	11033	83008	197
0	11037	83072	198
0	11038	83098	197
0	11044	83136	198
0	11048	83200	199
0	11049	83216	198
0	11056	83248	197
0	11062	83264	198
0	11064	83328	199
0	11065	83368	198
0	11071	83392	199
0	11075	83456	200
0	11076	83519	199
0	11082	83520	198
0	11087	83520	199
0	11090	83551	198
0	11096	83584	199
0	11098	83648	200
0	11099	83691	199
0	11107	83712	200
0	11108	83768	199
0	11114	83776	200
0	11118	83840	201
0	11119	83860	200
0	11129	83904	201
0	11130	83925	200
0	11136	83968	201
0	11141	84000	202
0	11147	84032	203
0	11148	84034	202
0	11160	84096	203
0	11161	84099	202
0	11172	84160	203
0	11176	84224	204
0	11177	84266	203
0	11183	84288	204
0	11185	84352	205
0	11188	84364	204
0	11196	84416	205
0	11198	84480	206
0	11199	84514	205
0	11205	84544	206
0	11207	84608	207
0	11208	84632	206
0	11213	84642	205
0	11221	84672	206
0	11227	84736	207
0	11228	84788	206
0	11234	84800	207
0	11238	84864	208
0	11242	84928	209
0	11243	84966	208
0	11249	84992	209
0	11259	85056	210
0	11261	85120	211
0	11263	85184	212
0	11265	85248	213
0	11267	85312	214
0	11268	85340	213
0	11274	85376	214
0	11276	85440	215
0	11283	85504	216
0	11284	85514	215
0	11291	85540	214
0	11297	85568	215
0	11302	85631	214
0	11308	85632	215
0	11311	85674	214
0	11316	85689	213
0	11322	85696	214
0	11323	85724	213
0	11331	85760	214
0	11332	85790	213
0	11339	85805	212
0	11344	85824	213
0	11345	85855	212
0	11356	85888	213
0	11357	85898	212
0	11361	85913	211
0	11365	85941	210
0	11372	85947	209
0	11377	85952	210
0	11381	85979	209
0	11389	86016	210
0	11394	86080	211
0	11401	86144	212
0	11405	86208	213
0	11407	86272	214
0	11411	86336	215
0	11412	86370	214
1	0	0	0
1	6	0	1
1	24	144	0
1	850	6000	1
1	865	6194	0
1	1540	12000	1
1	1549	12061	0
1	2396	18000	1
1	2398	18008	0
1	3194	24000	1
1	3215	24154	0
1	4072	30000	1
1	4146	30555	0
1	4907	36000	1
1	4949	36334	0
1	5688	42000	1
1	5728	42311	0
1	6529	48000	1
1	6581	48314	0
1	7377	54000	1
1	7448	54641	0
1	8062	60000	1
1	8094	60318	0
1	8731	66000	1
1	8733	66044	0
1	9548	72000	1
1	9584	72229	0
1	10416	78000	1
1	10468	78458	0
1	11142	84000	1
1	11166	84123	0
2	0	0	0
2	481	3606	1
2	482	3633	0
2	488	3633	1
2	492	3640	2
2	493	3643	1
2	503	3720	2
2	504	3724	1
2	509	3788	0
2	515	3816	1
2	519	3817	2
2	523	3831	3
2	526	3845	2
2	532	3855	3
2	535	3919	2
2	538	3931	1
2	541	3945	0
2	608	4350	1
2	611	4361	0
2	696	4837	1
2	697	4856	0
2	718	4918	1
2	724	4930	2
2	730	5029	3
2	734	5098	2
2	737	5114	1
2	742	5118	2
2	746	5139	1
2	751	5170	2
2	757	5268	1
2	763	5304	2
2	766	5345	1
2	771	5408	0
2	777	5418	1
2	781	5439	2
2	787	5449	3
2	790	5469	4
2	796	5510	5
2	797	5542	4
2	800	5566	3
2	808	5605	4
2	812	5661	3
2	815	5690	2
2	820	5718	1
2	825	5779	0
2	898	6367	1
2	899	6372	0
2	1154	8457	1
2	1155	8485	0
2	1161	8494	1
2	1165	8507	2
2	1168	8551	1
2	1171	8564	0
2	1188	8684	1
2	1189	8686	0
2	1204	8745	1
2	1205	8754	0
2	1213	8769	1
2	1223	8978	2
2	1233	9040	1
2	1236	9067	0
2	1444	10938	1
2	1449	11012	0
2	1557	12082	1
2	1561	12089	2
2	1565	12090	3
2	1571	12118	4
2	1577	12183	5
2	1581	12191	6
2	1582	12210	5
2	1596	12318	6
2	1597	12330	5
2	1604	12398	4
2	1609	12431	3
2	1614	12490	2
2	1617	12500	1
2	1620	12518	0
2	1827	14185	1
2	1828	14203	0
2	1836	14208	1
2	1837	14215	0
2	1863	14404	1
2	1864	14449	0
2	1987	15232	1
2	1988	15239	0
2	1994	15247	1
2	2000	15290	2
2	2006	15297	3
2	2010	15307	4
2	2014	15316	5
2	2018	15330	6
2	2024	15373	7
2	2025	15383	6
2	2028	15385	5
2	2031	15385	4
2	2034	15400	3
2	2040	15400	4
2	2041	15406	3
2	2047	15409	4
2	2050	15443	3
2	2053	15475	2
2	2058	15489	1
2	2064	15506	2
2	2065	15517	1
2	2073	15569	2
2	2077	15602	3
2	2078	15605	2
2	2083	15643	1
2	2088	15694	0
2	2121	15875	1
2	2122	15885	0
2	2166	16254	1
2	2169	16260	0
2	2589	19533	1
2	2593	19538	2
2	2594	19555	1
2	2599	19587	0
2	2625	19702	1
2	2630	19717	0
2	2713	20618	1
2	2716	20706	0
2	2724	20764	1
2	2725	20781	0
2	2733	20818	1
2	2734	20820	0
2	2740	20821	1
2	2744	20862	2
2	2747	20868	1
2	2753	20874	2
2	2754	20882	1
2	2759	20939	0
2	2777	21049	1
2	2778	21051	0
2	2786	21060	1
2	2796	21144	2
2	2800	21175	3
2	2803	21190	2
2	2811	21221	1
2	2816	21249	0
2	2941	22024	1
2	2945	22029	2
2	2949	22040	3
2	2950	22064	2
2	2958	22083	3
2	2962	22097	4
2	2966	22109	5
2	2969	22145	4
2	2972	22146	3
2	2975	22155	2
2	2981	22186	3
2	2987	22258	4
2	2988	22266	3
2	2993	22313	2
2	3001	22336	3
2	3002	22356	2
2	3009	22472	1
2	3012	22490	0
2	3263	24472	1
2	3267	24480	2
2	3271	24511	3
2	3277	24575	4
2	3283	24599	5
2	3287	24602	6
2	3291	24614	7
2	3297	24674	8
2	3301	24676	9
2	3307	24728	10
2	3311	24744	11
2	3314	24786	10
2	3317	24815	9
2	3320	24816	8
2	3323	24822	7
2	3331	24850	8
2	3337	24906	9
2	3338	24912	8
2	3344	24931	9
2	3347	24986	8
2	3353	24988	9
2	3359	25083	10
2	3362	25090	9
2	3368	25109	10
2	3369	25129	9
2	3377	25184	10
2	3383	25243	11
2	3388	25346	10
2	3391	25381	9
2	3399	25409	10
2	3403	25446	11
2	3412	25514	12
2	3419	25555	11
2	3422	25585	10
2	3425	25596	9
2	3433	25606	10
2	3434	25631	9
2	3440	25633	10
2	3443	25635	9
2	3449	25662	10
2	3455	25673	11
2	3456	25686	10
2	3464	25729	11
2	3465	25734	10
2	3471	25741	11
2	3475	25755	12
2	3478	25829	11
2	3483	25916	10
2	3491	25921	11
2	3497	26006	12
2	3498	26008	11
2	3501	26016	10
2	3507	26025	11
2	3511	26031	12
2	3512	26044	11
2	3517	26070	10
2	3522	26132	9
2	3525	26162	8
2	3528	26176	7
2	3536	26228	8
2	3539	26258	7
2	3542	26260	6
2	3545	26265	5
2	3548	26283	4
2	3551	26303	3
2	3559	26330	4
2	3560	26365	3
2	3570	26448	4
2	3571	26452	3
2	3579	26515	4
2	3583	26557	5
2	3589	26590	6
2	3590	26600	5
2	3595	26657	4
2	3603	26729	5
2	3609	26804	6
2	3615	26817	7
2	3616	26827	6
2	3619	26839	5
2	3622	26858	4
2	3625	26875	3
2	3630	26881	2
2	3636	26889	3
2	3640	26915	4
2	3646	26960	5
2	3647	26993	4
2	3658	27056	5
2	3659	27068	4
2	3667	27096	5
2	3668	27105	4
2	3675	27128	3
2	3680	27142	2
2	3681	27142	1
2	3686	27150	0
2	3785	28039	1
2	3789	28079	2
2	3790	28082	1
2	3797	28169	0
2	3897	28903	1
2	3901	28906	2
2	3902	28907	1
2	3905	28927	0
2	3913	28936	1
2	3914	28945	0
2	3920	28987	1
2	3926	28996	2
2	3930	29008	3
2	3931	29046	2
2	3939	29084	3
2	3940	29091	2
2	3945	29121	1
2	3953	29215	2
2	3957	29232	3
2	3961	29245	4
2	3962	29248	3
2	3970	29251	4
2	3971	29283	3
2	3979	29345	4
2	3982	29409	3
2	3988	29414	4
2	3991	29441	3
2	3997	29458	4
2	3998	29483	3
2	4001	29497	2
2	4009	29533	3
2	4015	29575	4
2	4016	29576	3
2	4022	29577	4
2	4028	29667	5
2	4034	29711	6
2	4035	29750	5
2	4041	29758	6
2	4044	29787	5
2	4050	29819	6
2	4056	29845	7
2	4057	29876	6
2	4060	29877	5
2	4074	30001	4
2	4079	30029	3
2	4085	30046	4
2	4086	30053	3
2	4092	30056	4
2	4093	30074	3
2	4096	30076	2
2	4101	30087	1
2	4107	30139	2
2	4112	30243	1
2	4115	30255	0
2	4214	30982	1
2	4215	30984	0
2	4230	31068	1
2	4231	31082	0
2	4378	32159	1
2	4379	32163	0
2	4436	32661	1
2	4437	32668	0
2	4443	32695	1
2	4449	32708	2
2	4450	32746	1
2	4455	32786	0
2	4461	32800	1
2	4465	32808	2
2	4466	32821	1
2	4474	32840	2
2	4478	32875	3
2	4481	32907	2
2	4487	32917	3
2	4491	32933	4
2	4492	32958	3
2	4497	32972	2
2	4500	32990	1
2	4503	32993	0
2	4509	32998	1
2	4513	33017	0
2	4548	33264	1
2	4551	33284	0
2	4581	33467	1
2	4584	33485	0
2	4807	35243	1
2	4813	35279	2
2	4817	35283	3
2	4821	35288	4
2	4822	35295	3
2	4830	35346	4
2	4831	35365	3
2	4834	35370	2
2	4837	35380	1
2	4844	35463	0
2	4980	36485	1
2	4994	36642	2
2	5000	36696	3
2	5001	36697	2
2	5006	36775	1
2	5009	36776	0
2	5015	36796	1
2	5017	36800	0
2	5365	39777	1
2	5366	39792	0
2	5397	39934	1
2	5405	40024	2
2	5408	40073	1
2	5411	40075	0
2	5434	40245	1
2	5439	40252	2
2	5442	40296	1
2	5450	40329	2
2	5451	40339	1
2	5457	40351	2
2	5458	40370	1
2	5463	40394	0
2	5521	40686	1
2	5524	40716	0
2	5577	41118	1
2	5581	41126	2
2	5584	41177	1
2	5590	41179	2
2	5599	41210	3
2	5602	41232	2
2	5609	41283	1
2	5614	41374	0
2	5622	41461	1
2	5625	41479	0
2	5752	42442	1
2	5756	42457	2
2	5757	42476	1
2	5762	42499	0
2	5864	43147	1
2	5865	43163	0
2	5871	43180	1
2	5875	43195	2
2	5878	43208	1
2	5881	43230	0
2	6058	44368	1
2	6059	44374	0
2	6130	44927	1
2	6133	44947	0
2	6325	46606	1
2	6329	46627	0
2	6456	47584	1
2	6457	47595	0
2	6465	47639	1
2	6471	47695	2
2	6472	47699	1
2	6475	47736	0
2	6481	47738	1
2	6482	47743	0
2	6490	47753	1
2	6494	47788	2
2	6497	47824	1
2	6502	47891	0
2	6508	47905	1
2	6512	47908	2
2	6513	47923	1
2	6516	47926	0
2	6608	48405	1
2	6612	48429	2
2	6619	48473	1
2	6625	48477	2
2	6630	48529	1
2	6633	48548	0
2	6641	48597	1
2	6642	48612	0
2	6650	48662	1
2	6656	48713	2
2	6657	48720	1
2	6660	48725	0
2	6675	48804	1
2	6679	48831	2
2	6682	48836	1
2	6685	48845	0
2	6788	49660	1
2	6799	49765	0
2	6807	49842	1
2	6811	49851	2
2	6815	49854	3
2	6818	49868	2
2	6826	49922	3
2	6827	49940	2
2	6832	49994	1
2	6835	50015	0
2	6990	51130	1
2	6996	51138	2
2	6997	51151	1
2	7009	51258	2
2	7014	51294	1
2	7017	51321	0
2	7226	53038	1
2	7232	53115	2
2	7238	53176	3
2	7244	53221	4
2	7245	53240	3
2	7250	53296	2
2	7255	53318	1
2	7258	53328	0
2	7323	53689	1
2	7326	53717	0
2	7332	53746	1
2	7335	53765	0
2	7384	54058	1
2	7385	54061	0
2	7451	54641	1
2	7457	54657	2
2	7464	54742	1
2	7476	54785	0
2	7484	54795	1
2	7488	54816	2
2	7492	54822	3
2	7493	54825	2
2	7498	54866	1
2	7506	54913	2
2	7507	54941	1
2	7513	54965	2
2	7516	54992	1
2	7517	54992	0
2	7554	55257	1
2	7555	55268	0
2	7968	58917	1
2	7972	58920	2
2	7975	58953	1
2	7978	58963	0
2	8301	61984	1
2	8302	61987	0
2	8604	64973	1
2	8605	64981	0
2	8743	66059	1
2	8744	66077	0
2	8757	66091	1
2	8761	66098	2
2	8762	66108	1
2	8770	66129	2
2	8782	66228	3
2	8786	66232	4
2	8792	66250	5
2	8793	66252	4
2	8796	66288	3
2	8797	66288	2
2	8807	66328	3
2	8808	66357	2
2	8811	66357	1
2	8816	66418	0
2	8822	66419	1
2	8823	66420	0
2	8831	66450	1
2	8832	66462	0
2	8840	66503	1
2	8841	66524	0
2	8851	66663	1
2	8854	66726	0
2	8895	67006	1
2	8902	67017	2
2	8903	67071	1
2	8911	67086	2
2	8912	67130	1
2	8917	67153	0
2	8998	67672	1
2	9008	67713	2
2	9012	67717	3
2	9016	67770	4
2	9022	67813	5
2	9026	67814	6
2	9029	67841	5
2	9032	67842	4
2	9040	67883	5
2	9041	67894	4
2	9049	67937	5
2	9050	67955	4
2	9058	67971	5
2	9059	68014	4
2	9065	68031	5
2	9068	68057	4
2	9071	68075	3
2	9077	68076	4
2	9080	68113	3
2	9085	68166	2
2	9088	68203	1
2	9091	68212	0
2	9099	68226	1
2	9100	68257	0
2	9106	68264	1
2	9109	68321	0
2	9374	70867	1
2	9378	70906	2
2	9381	70916	1
2	9387	70926	2
2	9390	70981	1
2	9393	70983	0
2	9419	71187	1
2	9423	71217	2
2	9426	71249	1
2	9429	71251	0
2	9451	71353	1
2	9452	71355	0
2	9507	71773	1
2	9511	71778	2
2	9512	71806	1
2	9520	71828	2
2	9524	71836	3
2	9530	71879	4
2	9531	71887	3
2	9536	71937	2
2	9539	71993	1
2	9551	72008	0
2	9557	72018	1
2	9560	72084	0
2	9590	72229	1
2	9595	72247	2
2	9601	72293	3
2	9602	72302	2
2	9607	72368	1
2	9613	72379	2
2	9619	72388	3
2	9625	72448	4
2	9626	72462	3
2	9634	72517	4
2	9645	72659	3
2	9648	72660	2
2	9651	72663	1
2	9654	72689	0
2	9671	72825	1
2	9674	72836	0
2	9777	73659	1
2	9780	73669	0
2	9793	73727	1
2	9796	73750	0
2	9802	73755	1
2	9808	73808	2
2	9812	73834	3
2	9815	73860	2
2	9820	73951	1
2	9823	73962	0
2	9846	74152	1
2	9852	74158	2
2	9853	74165	1
2	9861	74176	2
2	9864	74247	1
2	9867	74250	0
2	9998	75071	1
2	10001	75078	0
2	10080	75673	1
2	10084	75695	2
2	10090	75719	3
2	10091	75724	2
2	10097	75738	3
2	10098	75762	2
2	10101	75766	1
2	10111	75867	2
2	10114	75945	1
2	10119	75976	0
2	10134	76083	1
2	10137	76108	0
2	10143	76119	1
2	10147	76157	2
2	10153	76182	3
2	10154	76187	2
2	10157	76194	1
2	10163	76200	2
2	10164	76205	1
2	10170	76214	2
2	10178	76317	3
2	10179	76348	2
2	10184	76367	1
2	10187	76371	0
2	10395	77926	1
2	10401	77939	2
2	10402	77946	1
2	10410	77976	2
2	10420	78022	1
2	10426	78063	2
2	10430	78069	3
2	10436	78123	4
2	10437	78127	3
2	10442	78168	2
2	10445	78176	1
2	10448	78195	0
2	10456	78260	1
2	10459	78281	0
2	10653	80043	1
2	10656	80071	0
2	10797	81182	1
2	10798	81202	0
2	10855	81534	1
2	10858	81552	0
2	10902	81877	1
2	10903	81890	0
2	10909	81892	1
2	10913	81915	2
2	10916	81940	1
2	10921	82010	0
2	11342	85805	1
2	11348	85855	2
2	11349	85859	1
2	11352	85877	0
2	11360	85898	1
2	11364	85913	2
2	11368	85941	3
2	11369	85945	2
2	11375	85947	3
2	11378	85960	2
2	11384	85979	3
2	11385	85998	2
2	11390	86059	1
2	11395	86111	0
3	0	0	0
4	23	132	132
4	41	195	195
4	50	270	142
4	56	280	280
4	58	286	30
4	78	408	88
4	80	420	420
4	85	505	121
4	94	549	37
4	96	569	505
4	113	803	227
4	131	883	435
4	140	906	138
4	146	1024	384
4	149	1033	841
4	163	1127	423
4	183	1348	324
4	190	1387	299
4	204	1434	282
4	206	1454	494
4	215	1541	325
4	238	1656	248
4	242	1675	779
4	244	1691	859
4	258	1740	460
4	260	1776	276
4	264	1843	499
4	273	1894	230
4	277	1947	347
4	288	2066	594
4	310	2398	862
4	312	2422	566
4	327	2662	934
4	348	2800	752
4	359	2895	911
4	373	3011	899
4	375	3024	1104
4	392	3053	1261
4	405	3100	860
4	407	3113	937
4	416	3140	836
4	418	3158	158
4	420	3171	803
4	431	3325	701
4	454	3472	976
4	456	3517	701
4	470	3551	799
4	484	3633	1073
4	494	3643	1211
4	505	3724	524
4	510	3788	908
4	527	3845	773
4	536	3919	1231
4	539	3931	923
4	542	3945	1001
4	547	3987	659
4	554	4015	751
4	560	4121	601
4	562	4142	1006
4	583	4279	887
4	592	4323	739
4	599	4336	560
4	612	4361	905
4	615	4396	684
4	624	4430	398
4	626	4433	337
4	640	4490	522
4	650	4521	873
4	654	4580	740
4	658	4624	400
4	660	4642	738
4	675	4746	246
4	698	4856	312
4	703	4872	584
4	705	4882	466
4	735	5098	362
4	738	5114	314
4	747	5139	467
4	758	5268	916
4	767	5345	353
4	772	5408	352
4	798	5542	358
4	801	5566	638
4	813	5661	797
4	816	5690	1082
4	821	5718	470
4	826	5779	659
4	831	5857	481
4	833	5871	1711
4	844	5980	1500
4	860	6050	738
4	873	6224	656
4	887	6315	875
4	900	6372	548
4	903	6375	375
4	907	6410	714
4	909	6416	784
4	911	6460	956
4	919	6487	487
4	930	6610	658
4	957	6950	1062
4	966	6982	982
4	970	7071	1055
4	991	7221	885
4	995	7256	984
4	997	7270	1510
4	999	7285	1205
4	1012	7444	1044
4	1032	7651	151
4	1055	7831	1175
4	1057	7835	1243
4	1069	7860	1332
4	1071	7861	1077
4	1075	7875	1667
4	1089	7984	1264
4	1103	8037	1573
4	1107	8069	1093
4	1109	8088	984
4	1123	8152	984
4	1143	8384	1024
4	1156	8485	1573
4	1169	8551	1511
4	1173	8564	1268
4	1175	8564	1332
4	1190	8686	1838
4	1193	8691	1075
4	1206	8754	946
4	1234	9040	1296
4	1237	9067	1387
4	1242	9094	1606
4	1244	9098	1162
4	1257	9319	319
4	1268	9422	1998
4	1270	9429	1429
4	1278	9618	2066
4	1299	9742	1614
4	1310	9880	3736
4	1312	9888	2016
4	1321	9941	1621
4	1332	10090	1898
4	1334	10098	1842
4	1345	10193	1617
4	1347	10234	1786
4	1367	10440	2056
4	1379	10501	1861
4	1390	10643	1811
4	1405	10754	2242
4	1407	10758	1990
4	1414	10796	296
4	1418	10839	1943
4	1450	11012	2948
4	1457	11139	2115
4	1459	11141	2181
4	1461	11175	2471
4	1463	11188	2036
4	1485	11504	2416
4	1504	11578	2362
4	1508	11619	2211
4	1517	11686	2150
4	1525	11850	2378
4	1583	12210	2482
4	1598	12330	2986
4	1603	12389	389
4	1605	12398	2542
4	1610	12431	431
4	1615	12490	2506
4	1618	12500	2900
4	1621	12518	3238
4	1624	12537	2745
4	1628	12564	2644
4	1635	12601	2489
4	1639	12624	2448
4	1660	12751	3087
4	1669	12815	2383
4	1678	12893	2525
4	1680	12901	2853
4	1694	12974	2670
4	1698	13010	2770
4	1702	13063	2503
4	1720	13307	2619
4	1736	13404	2588
4	1740	13467	2587
4	1742	13499	3003
4	1753	13509	9
4	1773	13779	2771
4	1777	13830	2694
4	1779	13874	3250
4	1802	14074	3322
4	1813	14154	2890
4	1829	14203	3131
4	1838	14215	3271
4	1841	14219	2827
4	1843	14241	3041
4	1865	14449	2929
4	1870	14495	3167
4	1872	14515	2803
4	1893	14631	2983
4	1895	14641	2737
4	1897	14645	2677
4	1901	14659	2659
4	1911	14714	3130
4	1918	14775	2999
4	1933	14877	2717
4	1947	15031	2999
4	1963	15118	3278
4	1972	15169	2753
4	1989	15239	2951
4	1996	15267	267
4	2026	15383	3031
4	2029	15385	2905
4	2032	15385	2841
4	2036	15400	3944
4	2042	15406	2798
4	2051	15443	2707
4	2054	15475	2675
4	2059	15489	2625
4	2066	15517	2589
4	2079	15605	3509
4	2084	15643	3419
4	2089	15694	2702
4	2092	15704	2456
4	2101	15802	2746
4	2105	15857	2737
4	2123	15885	3213
4	2126	15897	2457
4	2128	15930	2618
4	2132	15967	2399
4	2153	16107	2603
4	2170	16260	2436
4	2173	16285	2589
4	2181	16320	2688
4	2189	16346	2330
4	2193	16414	2526
4	2195	16443	3259
4	2204	16480	2720
4	2215	16540	40
4	2224	16582	2502
4	2233	16668	2716
4	2239	16807	2599
4	2248	16862	3486
4	2272	16938	2474
4	2276	16977	2705
4	2285	17045	2453
4	2287	17072	2736
4	2296	17089	2561
4	2315	17195	3051
4	2326	17296	2640
4	2328	17337	2489
4	2332	17345	2945
4	2346	17424	2640
4	2352	17570	2530
4	2363	17707	2987
4	2374	17844	2740
4	2404	18036	2676
4	2412	18220	2988
4	2434	18371	371
4	2443	18433	433
4	2445	18438	3462
4	2447	18461	3165
4	2461	18546	3122
4	2467	18634	3466
4	2469	18645	3733
4	2481	18687	3007
4	2485	18708	3156
4	2492	18717	3229
4	2499	18733	3117
4	2505	18835	3027
4	2526	18977	2913
4	2535	19049	2921
4	2553	19203	3331
4	2555	19237	3493
4	2566	19341	3085
4	2595	19555	3619
4	2600	19587	3267
4	2607	19635	3635
4	2611	19649	3073
4	2627	19704	204
4	2631	19717	3525
4	2634	19747	3043
4	2636	19769	3321
4	2651	19997	3613
4	2667	20125	3485
4	2669	20129	3297
4	2671	20133	3621
4	2691	20380	3612
4	2717	20706	3746
4	2726	20781	3757
4	2735	20820	3924
4	2748	20868	3524
4	2755	20882	3410
4	2760	20939	3723
4	2763	20963	3683
4	2779	21051	3451
4	2804	21190	4038
4	2812	21221	4133
4	2817	21249	3713
4	2820	21259	3259
4	2824	21333	3925
4	2831	21365	365
4	2834	21376	3520
4	2837	21401	3673
4	2851	21486	3822
4	2860	21514	3530
4	2864	21580	3660
4	2873	21652	3604
4	2885	21687	3511
4	2891	21780	3668
4	2905	21878	3638
4	2914	21902	3470
4	2916	21921	4129
4	2923	21927	3559
4	2951	22064	3248
4	2970	22145	3649
4	2973	22146	3394
4	2976	22155	3467
4	2989	22266	3386
4	2994	22313	3689
4	3003	22356	3412
4	3010	22472	3912
4	3013	22490	4186
4	3021	22556	3356
4	3025	22617	3545
4	3038	22687	3423
4	3041	22717	3709
4	3042	22717	217
4	3060	22899	3763
4	3067	22901	3573
4	3069	22902	3510
4	3078	22963	3251
4	3087	22994	3538
4	3091	23100	3580
4	3116	23300	3524
4	3128	23315	3347
4	3132	23376	3472
4	3134	23404	3308
4	3138	23446	3798
4	3151	23665	4081
4	3167	23771	3739
4	3176	23860	3700
4	3187	23970	3746
4	3210	24101	3813
4	3212	24104	3752
4	3223	24238	3758
4	3230	24252	252
4	3255	24467	467
4	3315	24786	4114
4	3318	24815	4015
4	3321	24816	3952
4	3324	24822	4086
4	3339	24912	3856
4	3348	24986	4378
4	3363	25090	4162
4	3370	25129	5289
4	3389	25346	4802
4	3392	25381	4261
4	3420	25555	4307
4	3423	25585	5169
4	3426	25596	4284
4	3435	25631	4127
4	3442	25634	134
4	3444	25635	4067
4	3457	25686	4246
4	3466	25734	4358
4	3479	25829	4645
4	3484	25916	4028
4	3499	26008	5016
4	3502	26016	4192
4	3513	26044	4092
4	3518	26070	3990
4	3523	26132	3924
4	3526	26162	3890
4	3530	26176	4032
4	3540	26258	4498
4	3543	26260	3732
4	3546	26265	3865
4	3549	26283	3947
4	3552	26303	3583
4	3561	26365	3773
4	3572	26452	3668
4	3591	26600	4136
4	3596	26657	4641
4	3617	26827	3979
4	3620	26839	5207
4	3623	26858	3946
4	3626	26875	3835
4	3631	26881	3905
4	3648	26993	3825
4	3660	27068	3964
4	3669	27105	3809
4	3676	27128	3640
4	3682	27142	4486
4	3684	27142	3910
4	3687	27150	5454
4	3690	27159	159
4	3692	27170	3554
4	3696	27243	3819
4	3705	27265	3585
4	3707	27279	3535
4	3713	27446	4086
4	3722	27491	3555
4	3737	27581	3709
4	3738	27581	4029
4	3760	27857	3857
4	3791	28082	4082
4	3798	28169	4105
4	3801	28183	3863
4	3810	28233	4105
4	3814	28328	3816
4	3823	28404	4020
4	3827	28424	4616
4	3834	28449	3873
4	3846	28522	3882
4	3850	28548	4356
4	3859	28633	4377
4	3867	28683	183
4	3903	28907	3947
4	3906	28927	4223
4	3915	28945	4049
4	3932	29046	4214
4	3941	29091	4323
4	3946	29121	3777
4	3964	29248	3840
4	3972	29283	4067
4	3983	29409	4385
4	3992	29441	4161
4	3999	29483	4395
4	4002	29497	3961
4	4017	29576	4424
4	4036	29750	4278
4	4045	29787	4187
4	4058	29876	3956
4	4061	29877	4021
4	4075	30001	4017
4	4080	30029	3981
4	4087	30053	5605
4	4094	30074	4282
4	4097	30076	4412
4	4102	30087	3783
4	4113	30243	3875
4	4116	30255	4079
4	4119	30258	4530
4	4121	30269	4157
4	4125	30303	3871
4	4143	30481	4241
4	4161	30679	3991
4	4163	30685	3869
4	4174	30793	793
4	4183	30868	3988
4	4185	30889	4329
4	4210	30978	978
4	4216	30984	4232
4	4219	30997	3925
4	4232	31082	4138
4	4237	31164	4668
4	4246	31198	3998
4	4248	31210	3946
4	4260	31225	4217
4	4262	31228	3836
4	4266	31269	4645
4	4273	31281	3825
4	4289	31409	4273
4	4307	31525	3877
4	4311	31588	4260
4	4315	31624	4104
4	4319	31683	183
4	4333	31799	4087
4	4351	31972	4388
4	4359	32000	4224
4	4380	32163	3939
4	4385	32250	4282
4	4396	32375	4279
4	4407	32460	4428
4	4409	32462	4622
4	4425	32585	4425
4	4438	32668	4252
4	4451	32746	4842
4	4456	32786	4242
4	4467	32821	4149
4	4482	32907	4619
4	4493	32958	4478
4	4498	32972	4620
4	4501	32990	3998
4	4504	32993	4065
4	4514	33017	4409
4	4519	33042	4306
4	4528	33109	3989
4	4530	33145	4345
4	4552	33284	3972
4	4555	33316	4260
4	4564	33351	4167
4	4570	33381	381
4	4585	33485	4621
4	4588	33504	4256
4	4592	33579	4011
4	4596	33630	3998
4	4598	33649	4209
4	4627	33811	3987
4	4637	33921	4161
4	4646	34006	4310
4	4653	34028	4028
4	4657	34104	4600
4	4666	34165	4021
4	4675	34207	4831
4	4677	34208	4256
4	4694	34497	4609
4	4699	34506	4426
4	4705	34517	17
4	4730	34624	4416
4	4733	34651	4187
4	4735	34660	4644
4	4739	34746	4410
4	4764	34952	4296
4	4775	35123	4595
4	4779	35148	4428
4	4798	35226	4954
4	4823	35295	4319
4	4832	35365	4453
4	4835	35370	4522
4	4838	35380	4980
4	4845	35463	4871
4	4848	35508	4468
4	4852	35574	4790
4	4856	35624	4520
4	4870	35701	4533
4	4881	35779	4227
4	4883	35790	4366
4	4889	35951	4655
4	4912	36043	4363
4	4914	36049	4433
4	4935	36206	4718
4	4939	36235	5003
4	4941	36258	4514
4	4962	36365	4429
4	4988	36587	587
4	5002	36697	5337
4	5007	36775	775
4	5010	36776	4648
4	5019	36800	4480
4	5022	36857	4473
4	5026	36878	4622
4	5037	37017	5017
4	5048	37169	5105
4	5062	37247	5375
4	5066	37259	5451
4	5068	37271	5079
4	5089	37388	4940
4	5096	37422	4590
4	5098	37439	4927
4	5117	37549	4909
4	5121	37583	4623
4	5128	37631	4543
4	5134	37736	5032
4	5142	37808	308
4	5152	37888	4736
4	5162	38007	5431
4	5166	38023	4807
4	5186	38282	5002
4	5197	38446	5102
4	5208	38551	5655
4	5217	38594	5826
4	5219	38620	5212
4	5231	38642	5618
4	5240	38665	5193
4	5244	38729	5065
4	5262	38921	5193
4	5290	39090	5298
4	5294	39149	5101
4	5303	39205	205
4	5305	39214	5678
4	5314	39263	5087
4	5328	39342	5422
4	5338	39575	5271
4	5340	39590	5478
4	5367	39792	5808
4	5372	39834	6234
4	5374	39849	5609
4	5376	39850	5994
4	5409	40073	5641
4	5412	40075	5387
4	5415	40089	5273
4	5417	40119	5367
4	5443	40296	5352
4	5452	40339	5779
4	5459	40370	5746
4	5464	40394	6026
4	5467	40445	5565
4	5476	40496	5424
4	5486	40505	5497
4	5490	40545	5153
4	5503	40619	119
4	5507	40669	6173
4	5525	40716	5452
4	5528	40748	5548
4	5534	40866	5538
4	5545	40999	5543
4	5547	41010	5362
4	5561	41027	5507
4	5585	41177	5593
4	5603	41232	5520
4	5607	41280	5280
4	5610	41283	5315
4	5615	41374	5534
4	5626	41479	5575
4	5629	41495	5463
4	5631	41508	5732
4	5649	41699	5347
4	5655	41796	5572
4	5657	41825	6689
4	5671	41907	5747
4	5680	41943	5463
4	5705	42151	5607
4	5707	42158	6062
4	5711	42199	5911
4	5720	42269	5597
4	5741	42378	5770
4	5758	42476	5676
4	5763	42499	5763
4	5766	42504	6088
4	5768	42509	509
4	5770	42514	5650
4	5785	42624	624
4	5797	42685	5501
4	5806	42713	5657
4	5808	42719	5791
4	5812	42792	5544
4	5830	42947	5507
4	5839	43027	5523
4	5846	43058	5938
4	5866	43163	5531
4	5879	43208	5896
4	5882	43230	5406
4	5885	43251	5491
4	5889	43275	6283
4	5903	43334	5766
4	5912	43394	5506
4	5914	43412	5716
4	5928	43539	6163
4	5930	43561	5609
4	5934	43586	5570
4	5945	43720	5512
4	5963	43783	5447
4	5965	43802	5722
4	5977	43830	5366
4	5988	43904	5760
4	5990	43945	5545
4	5999	43980	480
4	6011	44015	5743
4	6022	44135	5607
4	6031	44165	5509
4	6033	44213	5365
4	6060	44374	5462
4	6067	44499	5907
4	6069	44516	5476
4	6085	44612	5636
4	6087	44635	5915
4	6089	44649	5545
4	6105	44738	5314
4	6107	44762	5978
4	6134	44947	5395
4	6137	44975	5743
4	6152	45143	143
4	6154	45168	5488
4	6158	45203	5907
4	6160	45230	5742
4	6174	45310	5566
4	6183	45350	5990
4	6198	45622	5814
4	6223	45874	5810
4	6225	45887	6015
4	6236	46012	6076
4	6247	46084	6916
4	6249	46091	6091
4	6251	46092	5900
4	6265	46175	5791
4	6285	46411	6283
4	6287	46422	6806
4	6306	46528	6016
4	6328	46626	126
4	6330	46627	6051
4	6333	46629	5861
4	6340	46643	6195
4	6349	46672	5968
4	6353	46738	5778
4	6369	46869	6549
4	6371	46877	6237
4	6375	46940	6044
4	6379	46977	6721
4	6395	47114	5962
4	6422	47475	6195
4	6429	47491	6467
4	6433	47492	6404
4	6435	47514	6106
4	6458	47595	6123
4	6473	47699	6355
4	6476	47736	6136
4	6483	47743	6911
4	6498	47824	6288
4	6503	47891	6227
4	6514	47923	5939
4	6517	47926	5878
4	6522	47942	6214
4	6533	48014	6798
4	6540	48021	6101
4	6547	48072	6216
4	6551	48083	6083
4	6553	48091	6299
4	6560	48115	5811
4	6578	48262	6022
4	6580	48299	6123
4	6620	48473	5977
4	6627	48498	498
4	6631	48529	529
4	6634	48548	6116
4	6643	48612	5924
4	6658	48720	6160
4	6661	48725	5973
4	6664	48749	6637
4	6683	48836	6212
4	6686	48845	5837
4	6689	48851	5779
4	6698	48928	5984
4	6702	48974	6606
4	6711	49055	6175
4	6720	49107	5971
4	6724	49153	5953
4	6737	49365	6549
4	6756	49419	5963
4	6758	49423	5903
4	6760	49444	6052
4	6796	49696	196
4	6800	49765	5925
4	6819	49868	6156
4	6828	49940	6612
4	6833	49994	6090
4	6836	50015	6751
4	6839	50019	5859
4	6843	50090	6506
4	6857	50155	5867
4	6861	50204	6428
4	6863	50214	6118
4	6870	50221	6189
4	6877	50239	6015
4	6881	50265	6617
4	6899	50461	6045
4	6910	50580	5972
4	6926	50744	6392
4	6935	50808	6072
4	6939	50821	6277
4	6948	50898	6930
4	6950	50929	6257
4	6979	51063	6199
4	6998	51151	6159
4	7013	51276	276
4	7015	51294	6494
4	7018	51321	6393
4	7023	51358	6238
4	7029	51475	6163
4	7049	51716	7236
4	7051	51739	6299
4	7067	51893	6325
4	7071	51907	6851
4	7087	52043	6859
4	7094	52083	6835
4	7105	52164	6468
4	7107	52187	6363
4	7109	52218	6586
4	7120	52292	6916
4	7134	52374	6870
4	7148	52541	6589
4	7157	52557	6477
4	7166	52656	6768
4	7174	52701	201
4	7181	52714	6378
4	7187	52810	7050
4	7196	52875	6667
4	7198	52898	6754
4	7246	53240	6712
4	7251	53296	7280
4	7256	53318	6918
4	7259	53328	6480
4	7264	53433	6713
4	7268	53478	7206
4	7270	53486	6830
4	7284	53539	7075
4	7298	53583	6607
4	7307	53641	7049
4	7314	53658	6746
4	7327	53717	6357
4	7336	53765	6341
4	7339	53775	6543
4	7346	53821	6717
4	7350	53848	7064
4	7359	53903	6863
4	7387	54061	6573
4	7389	54061	6381
4	7391	54064	6768
4	7405	54126	6958
4	7407	54128	6512
4	7411	54146	6594
4	7424	54385	6577
4	7465	54742	6870
4	7468	54766	766
4	7477	54785	6849
4	7480	54794	6794
4	7494	54825	825
4	7499	54866	6738
4	7508	54941	7197
4	7518	54992	6608
4	7520	54992	6672
4	7523	54995	6931
4	7532	55082	6570
4	7534	55099	7099
4	7556	55268	6500
4	7561	55317	6741
4	7577	55531	7339
4	7581	55579	6747
4	7585	55621	7365
4	7596	55659	7211
4	7605	55693	193
4	7614	55801	6841
4	7632	55970	6882
4	7634	55984	7344
4	7638	56011	7115
4	7663	56280	7256
4	7672	56339	6931
4	7674	56361	7209
4	7683	56409	7129
4	7690	56435	7219
4	7701	56536	7064
4	7710	56580	7236
4	7722	56768	6976
4	7725	56809	7145
4	7727	56826	7290
4	7745	56989	7389
4	7765	57172	8468
4	7767	57189	189
4	7773	57329	7473
4	7784	57426	7506
4	7807	57619	7635
4	7809	57648	7920
4	7813	57697	7585
4	7840	58024	7656
4	7847	58047	7807
4	7856	58094	7918
4	7858	58097	7793
4	7867	58114	7554
4	7882	58427	7931
4	7886	58440	7816
4	7903	58551	7863
4	7907	58581	7829
4	7915	58626	126
4	7922	58675	7795
4	7931	58719	8287
4	7959	58903	7703
4	7976	58953	7945
4	7979	58963	7891
4	7982	58974	8926
4	7984	58990	8174
4	7990	59131	7995
4	7999	59167	8223
4	8012	59362	7842
4	8016	59400	8008
4	8033	59753	8297
4	8065	60016	8752
4	8074	60071	8743
4	8076	60081	8433
4	8087	60166	8326
4	8089	60210	8434
4	8111	60389	389
4	8115	60428	428
4	8124	60512	8544
4	8140	60671	8959
4	8154	60716	9132
4	8163	60741	8581
4	8170	60756	8660
4	8177	60774	8870
4	8186	60839	8423
4	8188	60841	8489
4	8195	60846	8814
4	8201	60942	8462
4	8226	61187	8515
4	8230	61273	8985
4	8232	61279	9055
4	8241	61322	8586
4	8243	61356	8556
4	8290	61924	8996
4	8304	61987	8867
4	8306	61987	487
4	8308	61997	8941
4	8312	62061	9197
4	8323	62181	9637
4	8337	62238	9246
4	8341	62290	9042
4	8348	62308	9700
4	8352	62365	9181
4	8361	62456	8952
4	8372	62561	9121
4	8376	62612	9300
4	8407	63149	9389
4	8418	63210	210
4	8422	63220	9588
4	8449	63505	9617
4	8456	63589	10021
4	8462	63631	10255
4	8464	63662	9966
4	8472	63853	10029
4	8479	63868	9788
4	8490	63975	9959
4	8521	64391	10247
4	8523	64439	10231
4	8543	64587	87
4	8550	64609	10145
4	8552	64618	10346
4	8561	64669	10269
4	8570	64741	10149
4	8593	64928	10400
4	8607	64981	10645
4	8609	64981	10261
4	8623	65057	11057
4	8629	65197	10413
4	8636	65212	11260
4	8640	65250	10338
4	8646	65377	10337
4	8650	65427	10771
4	8661	65574	10726
4	8677	65702	10406
4	8688	65803	10699
4	8702	65875	10899
4	8716	65931	10507
4	8725	65987	10499
4	8745	66077	77
4	8748	66085	10725
4	8763	66108	10940
4	8778	66222	222
4	8794	66252	10572
4	8798	66288	11056
4	8800	66288	10352
4	8809	66357	10357
4	8812	66357	10549
4	8817	66418	10546
4	8824	66420	10804
4	8833	66462	10270
4	8842	66524	10204
4	8855	66726	10598
4	8859	66748	11196
4	8860	66748	10492
4	8871	66820	11076
4	8887	66993	10929
4	8904	67071	10495
4	8913	67130	10746
4	8918	67153	10513
4	8923	67251	10739
4	8927	67267	10819
4	8929	67268	10436
4	8936	67319	10551
4	8940	67354	10650
4	8957	67375	10287
4	8961	67437	10541
4	8970	67469	10317
4	9030	67841	10817
4	9033	67842	10882
4	9036	67879	379
4	9042	67894	10358
4	9051	67955	10611
4	9060	68014	10798
4	9069	68057	10457
4	9072	68075	10795
4	9081	68113	10257
4	9086	68166	10438
4	9089	68203	10411
4	9092	68212	10164
4	9101	68257	10849
4	9110	68321	10337
4	9113	68337	10161
4	9117	68356	10244
4	9129	68411	9979
4	9133	68420	10500
4	9135	68435	10067
4	9146	68559	10895
4	9148	68601	11129
4	9163	68802	10242
4	9174	68943	10703
4	9193	69118	10622
4	9197	69164	10476
4	9205	69240	240
4	9220	69473	10849
4	9235	69711	11407
4	9251	69824	10944
4	9257	69998	11182
4	9279	70306	11298
4	9283	70380	11628
4	9301	70525	25
4	9322	70615	11351
4	9324	70619	11483
4	9338	70678	11158
4	9345	70713	11769
4	9354	70763	11307
4	9356	70769	11697
4	9382	70916	11332
4	9391	70981	11653
4	9394	70983	11335
4	9404	71040	11040
4	9406	71067	11291
4	9427	71249	11281
4	9430	71251	11539
4	9433	71273	11881
4	9442	71345	11441
4	9453	71355	11259
4	9458	71378	11218
4	9462	71427	11203
4	9464	71464	12264
4	9482	71650	11234
4	9491	71722	11242
4	9513	71806	11454
4	9532	71887	11279
4	9537	71937	12097
4	9540	71993	11705
4	9552	72008	11336
4	9561	72084	11348
4	9564	72107	12075
4	9566	72112	11312
4	9570	72138	11594
4	9603	72302	11374
4	9608	72368	11184
4	9627	72462	462
4	9642	72608	608
4	9646	72659	11795
4	9649	72660	11604
4	9652	72663	11671
4	9655	72689	11313
4	9660	72751	11247
4	9675	72836	11524
4	9678	72840	11080
4	9680	72880	11184
4	9696	72993	11169
4	9700	73048	11928
4	9702	73063	11815
4	9720	73216	11328
4	9724	73321	11881
4	9740	73418	11850
4	9759	73565	11293
4	9761	73570	11938
4	9781	73669	11461
4	9784	73674	11658
4	9797	73750	11606
4	9816	73860	11780
4	9821	73951	11359
4	9824	73962	11434
4	9831	74054	11398
4	9848	74153	653
4	9854	74165	11701
4	9865	74247	11463
4	9868	74250	11530
4	9871	74261	11221
4	9873	74271	11423
4	9880	74286	12334
4	9889	74354	11186
4	9898	74378	12042
4	9905	74425	12025
4	9921	74498	11138
4	9923	74525	11613
4	9932	74570	11338
4	9939	74584	11160
4	9941	74619	11515
4	9950	74687	11135
4	9954	74736	11760
4	9965	74865	11377
4	10002	75078	11334
4	10005	75092	11412
4	10011	75125	11509
4	10015	75147	11339
4	10019	75207	207
4	10023	75276	11980
4	10046	75469	11597
4	10053	75476	11476
4	10069	75639	11319
4	10092	75724	11788
4	10099	75762	11698
4	10102	75766	11510
4	10115	75945	11305
4	10120	75976	11592
4	10125	76057	11865
4	10138	76108	11980
4	10155	76187	11611
4	10158	76194	11362
4	10165	76205	11437
4	10180	76348	11836
4	10185	76367	11663
4	10188	76371	11923
4	10191	76393	11241
4	10195	76435	11539
4	10197	76466	11506
4	10216	76590	11566
4	10218	76593	11313
4	10229	76697	11609
4	10236	76718	11182
4	10244	76743	11399
4	10246	76754	254
4	10257	76900	11492
4	10283	77002	11530
4	10290	77047	11319
4	10294	77116	11900
4	10303	77168	11568
4	10312	77194	11402
4	10314	77243	11259
4	10325	77363	11699
4	10334	77434	11578
4	10343	77493	11445
4	10360	77781	11861
4	10362	77790	11614
4	10397	77931	11931
4	10403	77946	11450
4	10421	78022	11590
4	10438	78127	11887
4	10443	78168	11800
4	10446	78176	11872
4	10449	78195	11635
4	10460	78281	11401
4	10463	78301	12189
4	10477	78528	11840
4	10487	78651	11835
4	10491	78706	11698
4	10493	78714	11962
4	10497	78747	747
4	10531	79127	11991
4	10537	79152	11888
4	10541	79170	1170
4	10557	79299	12675
4	10561	79368	12168
4	10571	79403	12331
4	10575	79404	12460
4	10577	79411	11955
4	10579	79417	12089
4	10593	79547	12155
4	10610	79730	230
4	10626	79829	12245
4	10637	79939	12291
4	10657	80071	12167
4	10660	80127	12351
4	10664	80151	12631
4	10668	80230	12198
4	10672	80281	12441
4	10679	80299	12139
4	10693	80342	12246
4	10695	80356	12132
4	10729	80724	13012
4	10738	80823	12471
4	10742	80853	12565
4	10751	80897	12481
4	10753	80936	12264
4	10762	80967	12423
4	10779	81084	12348
4	10799	81202	12402
4	10802	81206	13238
4	10810	81236	236
4	10812	81263	12335
4	10823	81351	12359
4	10832	81416	12808
4	10834	81443	12323
4	10859	81552	12688
4	10864	81611	12427
4	10866	81632	12320
4	10872	81733	12677
4	10874	81745	13265
4	10904	81890	12194
4	10917	81940	12372
4	10922	82010	12570
4	10925	82046	12158
4	10929	82052	12548
4	10940	82182	12806
4	10956	82354	12530
4	10960	82375	13127
4	10962	82419	12659
4	10992	82611	111
4	10996	82641	12689
4	11000	82704	12560
4	11002	82744	12664
4	11013	82827	12811
4	11027	82906	12570
4	11029	82924	12460
4	11035	83010	13378
4	11046	83155	12755
4	11055	83233	13025
4	11073	83425	12769
4	11084	83520	12928
4	11105	83693	12717
4	11116	83805	13021
4	11125	83886	13358
4	11127	83890	13618
4	11145	84023	13303
4	11154	84039	12935
4	11156	84074	12842
4	11158	84075	13035
4	11174	84218	12922
4	11187	84358	13446
4	11194	84366	13518
4	11220	84672	672
4	11223	84687	13327
4	11225	84718	13166
4	11236	84807	13191
4	11240	84908	13420
4	11255	85024	1024
4	11257	85047	13303
4	11278	85475	14307
4	11290	85518	13838
4	11310	85645	145
4	11329	85756	14332
4	11338	85800	13800
4	11350	85859	13667
4	11353	85877	14069
4	11370	85945	14009
4	11379	85960	13832
4	11386	85998	14126
4	11391	86059	13995
4	11396	86111	13663
4	11399	86132	13876
4	11403	86196	14196
4	11409	86300	13980
4	11418	86375	13991

