version 3
run General-9-20240513-00:17:10-20028
attr configname General
attr datetime 20240513-00:17:10
attr datetimef 20240513-001710
attr experiment General
attr inifile omnetpp.ini
attr iterationvars ""
attr iterationvarsd ""
attr iterationvarsf ""
attr measurement ""
attr network AirportControl
attr processid 20028
attr repetition 9
attr replication #9
attr resultdir results
attr runnumber 9
attr seedset 9
config network AirportControl
config repeat 10
config simtime-resolution s
config sim-time-limit 1440min
config **.PrioT_PCT.jobType 0
config **.PrioT_PCF.jobType 1
config **.PrioF_PCT.jobType 2
config **.PrioF_PCF.jobType 3
config **.PrioT_PCT.probArrival 0.04
config **.PrioT_PCF.probArrival 0.01
config **.PrioF_PCT.probArrival 0.01
config **.PrioF_PCF.probArrival 0.94
config **.PrioT_PCT.interarrivalRateRush 0.4min
config **.PrioT_PCF.interarrivalRateRush 0.4min
config **.PrioF_PCT.interarrivalRateRush 0.4min
config **.PrioF_PCF.interarrivalRateRush 0.4min
config **.PrioF_PCF.interarrivalRateNormal 1min
config **.PrioT_PCT.interarrivalRateNormal 1min
config **.PrioF_PCT.interarrivalRateNormal 1min
config **.PrioT_PCF.interarrivalRateNormal 1min
config **.PrioF_PCF.numberOfPeaks 4
config **.PrioF_PCT.numberOfPeaks 4
config **.PrioT_PCF.numberOfPeaks 4
config **.PrioT_PCT.numberOfPeaks 4
config **.PrioF_PCF.durationOfPeaks 150min
config **.PrioF_PCT.durationOfPeaks 150min
config **.PrioT_PCF.durationOfPeaks 150min
config **.PrioT_PCT.durationOfPeaks 150min
config **.PrioT_Server.serviceTime exponential(3min)
config **.PrioF_Server3.serviceTime exponential(5min)
config **.PrioF_Server2.serviceTime exponential(5min)
config **.PrioF_Server1.serviceTime exponential(5min)
config **.PrioF_Server0.serviceTime exponential(5min)
config **.NoPC_Server0.serviceTime exponential(3min)
config **.NoPC_Server3.serviceTime exponential(3min)
config **.NoPC_Server2.serviceTime exponential(3min)
config **.NoPC_Server1.serviceTime exponential(3min)
config **.PC_Server0.serviceTime exponential(1min)
config **.PC_Server1.serviceTime exponential(1min)

vector 0 AirportControl.PrioF_PQ queueLength:vector ETV
attr interpolationmode sample-hold
attr recordingmode vector
attr title "queue length"
vector 1 AirportControl.PrioT_PQ queueLength:vector ETV
attr interpolationmode sample-hold
attr recordingmode vector
attr title "queue length"
vector 2 AirportControl.NoPC_PQ queueLength:vector ETV
attr interpolationmode sample-hold
attr recordingmode vector
attr title "queue length"
vector 3 AirportControl.PC_PQ queueLength:vector ETV
attr interpolationmode sample-hold
attr recordingmode vector
attr title "queue length"
vector 4 AirportControl.sink lifeTime:vector ETV
attr interpolationmode none
attr recordingmode vector
attr title "lifetime of arrived jobs"
attr unit s
0	0	0	0
0	104	704	1
0	105	717	0
0	111	768	1
0	112	780	0
0	159	1152	1
0	162	1208	0
0	168	1216	1
0	172	1280	2
0	173	1330	1
0	179	1344	2
0	185	1408	3
0	187	1472	4
0	188	1477	3
0	199	1536	4
0	200	1572	3
0	206	1600	4
0	207	1622	3
0	215	1664	4
0	221	1728	5
0	223	1792	6
0	228	1833	5
0	236	1856	6
0	237	1878	5
0	245	1920	6
0	246	1928	5
0	254	1984	4
0	255	1984	5
0	263	2048	6
0	264	2056	5
0	270	2112	6
0	276	2176	7
0	279	2205	6
0	285	2240	7
0	289	2304	8
0	290	2321	7
0	296	2368	8
0	298	2432	9
0	300	2496	10
0	301	2520	9
0	307	2560	10
0	309	2624	11
0	311	2688	12
0	313	2752	13
0	317	2816	14
0	319	2880	15
0	320	2913	14
0	325	2929	13
0	331	2944	14
0	332	2975	13
0	341	3008	14
0	342	3013	13
0	346	3027	12
0	351	3072	13
0	355	3107	12
0	366	3136	13
0	368	3200	14
0	371	3235	13
0	383	3264	14
0	384	3287	13
0	390	3328	14
0	392	3392	15
0	401	3453	14
0	407	3456	15
0	408	3458	14
0	418	3520	15
0	419	3581	14
0	425	3584	15
0	426	3595	14
0	431	3630	13
0	436	3648	12
0	440	3648	13
0	442	3657	12
0	447	3712	13
0	451	3759	12
0	456	3776	13
0	458	3840	14
0	462	3873	13
0	470	3904	14
0	472	3968	15
0	473	3979	14
0	477	3992	13
0	481	4013	12
0	486	4032	13
0	490	4069	12
0	501	4096	13
0	503	4160	14
0	504	4167	13
0	514	4179	12
0	521	4194	11
0	529	4224	12
0	533	4253	11
0	537	4261	10
0	547	4283	9
0	552	4288	10
0	553	4297	9
0	557	4298	8
0	565	4352	9
0	570	4416	10
0	581	4480	11
0	582	4482	10
0	591	4544	11
0	592	4575	10
0	600	4608	11
0	601	4657	10
0	609	4672	11
0	610	4679	10
0	618	4736	11
0	623	4769	10
0	629	4800	11
0	633	4864	12
0	634	4909	11
0	639	4910	10
0	645	4928	11
0	650	4984	10
0	656	4992	11
0	666	5056	12
0	668	5120	13
0	669	5145	12
0	674	5173	11
0	682	5184	12
0	683	5217	11
0	688	5246	10
0	694	5248	11
0	695	5258	10
0	702	5296	9
0	708	5312	10
0	710	5376	11
0	713	5380	10
0	722	5419	9
0	728	5440	10
0	732	5504	11
0	735	5559	10
0	741	5568	11
0	742	5585	10
0	747	5588	9
0	759	5632	10
0	760	5638	9
0	767	5696	8
0	771	5696	9
0	777	5760	10
0	778	5772	9
0	783	5817	8
0	789	5824	9
0	790	5829	8
0	798	5888	9
0	800	5952	10
0	801	5957	9
0	812	6000	10
0	816	6016	11
0	817	6018	10
0	830	6032	9
0	843	6080	10
0	844	6103	9
0	848	6131	8
0	853	6144	9
0	857	6179	8
0	862	6208	9
0	872	6272	10
0	875	6305	9
0	881	6336	10
0	887	6400	11
0	889	6464	12
0	890	6513	11
0	896	6528	12
0	897	6539	11
0	905	6592	12
0	909	6656	13
0	910	6681	12
0	917	6698	11
0	925	6720	12
0	927	6784	13
0	928	6789	12
0	933	6821	11
0	939	6848	12
0	943	6912	13
0	947	6976	14
0	950	7009	13
0	956	7040	14
0	958	7104	15
0	959	7107	14
0	964	7150	13
0	972	7168	14
0	973	7186	13
0	978	7228	12
0	984	7232	13
0	986	7296	14
0	990	7360	15
0	994	7424	16
0	995	7463	15
0	1000	7465	14
0	1006	7488	15
0	1013	7552	16
0	1014	7554	15
0	1019	7568	14
0	1030	7616	15
0	1032	7680	16
0	1036	7704	15
0	1045	7722	14
0	1052	7739	13
0	1058	7744	14
0	1060	7808	15
0	1066	7872	16
0	1068	7936	17
0	1069	7942	16
0	1075	8000	17
0	1076	8028	16
0	1083	8050	15
0	1089	8064	16
0	1095	8128	17
0	1099	8192	18
0	1102	8249	17
0	1108	8256	18
0	1109	8261	17
0	1116	8284	16
0	1122	8320	17
0	1124	8384	18
0	1125	8439	17
0	1131	8448	18
0	1133	8512	19
0	1137	8576	20
0	1141	8640	21
0	1145	8704	22
0	1146	8711	21
0	1151	8752	20
0	1156	8763	19
0	1162	8768	20
0	1165	8827	19
0	1171	8832	20
0	1172	8867	19
0	1178	8896	20
0	1179	8928	19
0	1184	8960	20
0	1196	9024	21
0	1198	9088	22
0	1204	9152	23
0	1205	9168	22
0	1210	9174	21
0	1215	9200	20
0	1220	9205	19
0	1226	9216	20
0	1231	9261	19
0	1237	9280	20
0	1238	9304	19
0	1244	9344	20
0	1245	9352	19
0	1249	9374	18
0	1254	9408	19
0	1255	9411	18
0	1266	9472	19
0	1270	9511	18
0	1275	9536	19
0	1277	9600	20
0	1282	9621	19
0	1290	9664	20
0	1300	9714	19
0	1306	9728	20
0	1307	9752	19
0	1313	9792	20
0	1316	9836	19
0	1322	9856	20
0	1324	9920	21
0	1328	9984	22
0	1334	10048	23
0	1335	10086	22
0	1341	10112	23
0	1345	10176	24
0	1346	10201	23
0	1352	10240	24
0	1353	10243	23
0	1360	10302	22
0	1366	10304	23
0	1367	10316	22
0	1372	10341	21
0	1376	10345	20
0	1387	10368	21
0	1393	10432	22
0	1395	10496	23
0	1399	10528	22
0	1407	10560	23
0	1413	10624	24
0	1418	10667	23
0	1424	10688	24
0	1428	10752	25
0	1429	10767	24
0	1437	10816	25
0	1438	10829	24
0	1444	10880	25
0	1445	10888	24
0	1452	10936	23
0	1458	10944	24
0	1461	10953	23
0	1469	11008	24
0	1475	11072	25
0	1476	11123	24
0	1482	11136	25
0	1483	11148	24
0	1489	11200	25
0	1493	11264	26
0	1494	11289	25
0	1499	11317	24
0	1505	11328	25
0	1506	11360	24
0	1511	11368	23
0	1516	11392	24
0	1520	11419	23
0	1528	11456	24
0	1532	11520	25
0	1536	11584	26
0	1539	11613	25
0	1545	11648	26
0	1549	11712	27
0	1551	11776	28
0	1553	11840	29
0	1554	11865	28
0	1560	11904	29
0	1564	11968	30
0	1567	11997	29
0	1576	12000	30
0	1579	12003	29
0	1589	12011	28
0	1597	12032	29
0	1598	12062	28
0	1603	12068	27
0	1611	12096	28
0	1615	12160	29
0	1623	12224	30
0	1624	12246	29
0	1630	12288	30
0	1632	12352	31
0	1633	12354	30
0	1638	12402	29
0	1643	12405	28
0	1649	12416	29
0	1651	12480	30
0	1656	12520	29
0	1662	12544	30
0	1671	12582	29
0	1677	12608	30
0	1679	12672	31
0	1683	12736	32
0	1687	12800	33
0	1688	12851	32
0	1689	12851	31
0	1698	12857	30
0	1706	12864	31
0	1707	12868	30
0	1716	12924	29
0	1722	12928	30
0	1723	12978	29
0	1729	12992	30
0	1733	13056	31
0	1736	13116	30
0	1742	13120	31
0	1743	13153	30
0	1750	13160	29
0	1756	13184	30
0	1762	13248	31
0	1763	13250	30
0	1769	13312	31
0	1773	13376	32
0	1777	13440	33
0	1784	13504	34
0	1786	13568	35
0	1787	13573	34
0	1792	13606	33
0	1798	13632	34
0	1799	13648	33
0	1805	13696	34
0	1811	13760	35
0	1814	13775	34
0	1823	13821	33
0	1829	13824	34
0	1832	13860	33
0	1840	13888	34
0	1841	13907	33
0	1846	13917	32
0	1852	13952	33
0	1855	13978	32
0	1861	14016	33
0	1865	14080	34
0	1869	14144	35
0	1870	14150	34
0	1877	14163	33
0	1885	14208	34
0	1888	14261	33
0	1894	14272	34
0	1896	14336	35
0	1900	14400	36
0	1901	14409	35
0	1907	14464	36
0	1909	14528	37
0	1910	14547	36
0	1917	14584	35
0	1923	14592	36
0	1926	14603	35
0	1934	14656	36
0	1935	14686	35
0	1941	14720	36
0	1942	14721	35
0	1951	14747	34
0	1961	14784	35
0	1964	14846	34
0	1970	14848	35
0	1971	14907	34
0	1977	14912	35
0	1979	14976	36
0	1983	15019	35
0	1991	15040	36
0	1995	15104	37
0	1997	15168	38
0	2004	15227	37
0	2010	15232	38
0	2011	15235	37
0	2016	15237	36
0	2024	15296	37
0	2029	15354	36
0	2035	15360	37
0	2036	15384	36
0	2044	15424	37
0	2045	15448	36
0	2051	15488	37
0	2055	15552	38
0	2056	15560	37
0	2061	15568	36
0	2066	15593	35
0	2074	15616	36
0	2077	15626	35
0	2084	15655	34
0	2091	15661	33
0	2099	15680	34
0	2100	15700	33
0	2107	15726	32
0	2112	15739	31
0	2117	15744	32
0	2126	15808	33
0	2127	15841	32
0	2133	15872	33
0	2134	15878	32
0	2140	15936	33
0	2146	16000	34
0	2148	16064	35
0	2151	16077	34
0	2159	16128	35
0	2161	16192	36
0	2162	16234	35
0	2168	16256	36
0	2169	16261	35
0	2174	16295	34
0	2182	16320	35
0	2187	16380	34
0	2192	16381	33
0	2198	16384	34
0	2204	16448	35
0	2205	16476	34
0	2210	16487	33
0	2223	16512	34
0	2224	16554	33
0	2230	16569	32
0	2236	16576	33
0	2241	16640	34
0	2247	16704	35
0	2248	16711	34
0	2256	16768	35
0	2257	16813	34
0	2265	16832	35
0	2266	16847	34
0	2271	16883	33
0	2277	16896	34
0	2281	16960	35
0	2282	16969	34
0	2287	17011	33
0	2292	17024	34
0	2300	17068	33
0	2308	17088	34
0	2310	17152	35
0	2311	17173	34
0	2319	17216	35
0	2320	17250	34
0	2326	17280	35
0	2328	17344	36
0	2329	17371	35
0	2334	17374	34
0	2346	17408	35
0	2347	17410	34
0	2355	17472	35
0	2356	17496	34
0	2364	17536	35
0	2367	17556	34
0	2375	17600	35
0	2376	17646	34
0	2381	17649	33
0	2386	17650	32
0	2392	17664	33
0	2393	17665	32
0	2401	17728	33
0	2406	17782	32
0	2412	17792	33
0	2420	17856	34
0	2421	17887	33
0	2426	17906	32
0	2432	17920	33
0	2433	17955	32
0	2438	17982	31
0	2444	17984	32
0	2445	17991	31
0	2453	18000	32
0	2462	18048	33
0	2463	18074	32
0	2469	18112	33
0	2471	18176	34
0	2479	18240	35
0	2481	18304	36
0	2483	18368	37
0	2484	18372	36
0	2489	18400	35
0	2494	18403	34
0	2503	18414	33
0	2508	18432	34
0	2513	18496	35
0	2514	18513	34
0	2521	18521	33
0	2529	18560	34
0	2530	18562	33
0	2537	18595	32
0	2544	18618	31
0	2549	18624	32
0	2557	18688	33
0	2559	18752	34
0	2563	18816	35
0	2569	18880	36
0	2570	18892	35
0	2577	18917	34
0	2585	18944	35
0	2591	19008	36
0	2595	19072	37
0	2599	19136	38
0	2600	19192	37
0	2608	19200	38
0	2610	19264	39
0	2611	19323	38
0	2617	19328	39
0	2620	19359	38
0	2625	19375	37
0	2631	19392	38
0	2632	19398	37
0	2637	19434	36
0	2645	19456	37
0	2646	19468	36
0	2659	19520	37
0	2660	19534	36
0	2665	19561	35
0	2671	19584	36
0	2676	19609	35
0	2686	19648	36
0	2689	19684	35
0	2696	19703	34
0	2702	19712	35
0	2703	19772	34
0	2709	19776	35
0	2717	19840	36
0	2718	19876	35
0	2724	19904	36
0	2725	19912	35
0	2731	19968	36
0	2732	19981	35
0	2736	19990	34
0	2740	19994	33
0	2748	20032	34
0	2753	20096	35
0	2759	20159	34
0	2765	20160	35
0	2767	20224	36
0	2768	20229	35
0	2776	20288	36
0	2782	20352	37
0	2785	20396	36
0	2790	20401	35
0	2795	20405	34
0	2803	20416	35
0	2804	20472	34
0	2812	20480	35
0	2814	20544	36
0	2818	20608	37
0	2824	20672	38
0	2826	20736	39
0	2827	20749	38
0	2832	20752	37
0	2840	20800	38
0	2843	20819	37
0	2849	20864	38
0	2850	20865	37
0	2857	20880	36
0	2863	20928	37
0	2864	20968	36
0	2869	20972	35
0	2875	20992	36
0	2882	21056	37
0	2890	21120	38
0	2891	21128	37
0	2901	21184	38
0	2905	21248	39
0	2906	21272	38
0	2912	21312	39
0	2914	21376	40
0	2915	21390	39
0	2925	21440	40
0	2926	21451	39
0	2936	21504	40
0	2937	21526	39
0	2943	21568	40
0	2944	21570	39
0	2950	21632	40
0	2952	21696	41
0	2958	21760	42
0	2959	21761	41
0	2967	21824	42
0	2969	21888	43
0	2970	21948	42
0	2976	21952	43
0	2977	21968	42
0	2987	22016	43
0	2988	22047	42
0	2996	22080	43
0	2997	22137	42
0	3003	22144	43
0	3007	22208	44
0	3008	22243	43
0	3014	22272	44
0	3016	22336	45
0	3018	22400	46
0	3019	22418	45
0	3027	22464	46
0	3031	22511	45
0	3037	22528	46
0	3039	22592	47
0	3042	22622	46
0	3047	22652	45
0	3053	22656	46
0	3056	22704	45
0	3062	22720	46
0	3063	22725	45
0	3072	22767	44
0	3077	22780	43
0	3083	22784	44
0	3089	22848	45
0	3094	22911	44
0	3100	22912	45
0	3103	22968	44
0	3109	22976	45
0	3111	23005	44
0	3117	23012	43
0	3123	23040	44
0	3126	23062	43
0	3130	23067	42
0	3145	23104	43
0	3146	23124	42
0	3154	23168	43
0	3155	23183	42
0	3163	23232	43
0	3167	23296	44
0	3168	23342	43
0	3174	23360	44
0	3175	23361	43
0	3182	23374	42
0	3190	23424	43
0	3191	23438	42
0	3196	23475	41
0	3202	23488	42
0	3207	23511	41
0	3213	23552	42
0	3217	23616	43
0	3219	23680	44
0	3220	23698	43
0	3228	23744	44
0	3229	23772	43
0	3239	23808	44
0	3243	23872	45
0	3244	23906	44
0	3250	23936	45
0	3256	24000	46
0	3258	24000	47
0	3260	24040	46
0	3266	24064	47
0	3267	24087	46
0	3275	24128	47
0	3279	24192	48
0	3281	24256	49
0	3282	24297	48
0	3287	24310	47
0	3293	24320	48
0	3294	24348	47
0	3310	24382	46
0	3315	24384	47
0	3322	24448	48
0	3323	24449	47
0	3324	24449	46
0	3332	24455	45
0	3345	24512	46
0	3346	24562	45
0	3351	24576	46
0	3356	24640	47
0	3359	24659	46
0	3364	24695	45
0	3369	24704	46
0	3370	24735	45
0	3375	24768	46
0	3376	24779	45
0	3383	24796	44
0	3387	24815	43
0	3395	24832	44
0	3397	24896	45
0	3402	24960	46
0	3410	25024	47
0	3413	25043	46
0	3421	25088	47
0	3423	25152	48
0	3425	25216	49
0	3431	25280	50
0	3432	25290	49
0	3439	25341	48
0	3445	25344	49
0	3448	25403	48
0	3454	25408	49
0	3457	25447	48
0	3463	25472	49
0	3470	25536	50
0	3476	25600	51
0	3478	25664	52
0	3479	25668	51
0	3489	25728	52
0	3490	25737	51
0	3496	25792	52
0	3499	25839	51
0	3505	25856	52
0	3511	25920	53
0	3513	25984	54
0	3515	26048	55
0	3516	26097	54
0	3521	26106	53
0	3527	26112	54
0	3533	26176	55
0	3535	26240	56
0	3537	26304	57
0	3538	26324	56
0	3543	26328	55
0	3548	26334	54
0	3556	26368	55
0	3560	26432	56
0	3561	26489	55
0	3567	26496	56
0	3568	26552	55
0	3574	26560	56
0	3577	26596	55
0	3582	26624	54
0	3586	26624	55
0	3589	26664	54
0	3594	26688	55
0	3595	26740	54
0	3600	26752	55
0	3601	26771	54
0	3606	26816	55
0	3610	26867	54
0	3615	26880	55
0	3616	26883	54
0	3627	26944	55
0	3638	27008	56
0	3642	27072	57
0	3648	27136	58
0	3650	27200	59
0	3653	27228	58
0	3659	27264	59
0	3661	27328	60
0	3669	27392	61
0	3670	27432	60
0	3675	27441	59
0	3681	27456	60
0	3685	27520	61
0	3689	27584	62
0	3690	27607	61
0	3696	27648	62
0	3702	27712	63
0	3703	27753	62
0	3708	27757	61
0	3713	27761	60
0	3718	27768	59
0	3724	27776	60
0	3728	27840	61
0	3732	27904	62
0	3733	27943	61
0	3740	27954	60
0	3746	27968	61
0	3747	27986	60
0	3755	28032	61
0	3757	28096	62
0	3761	28160	63
0	3763	28224	64
0	3764	28287	63
0	3770	28288	64
0	3771	28320	63
0	3779	28352	64
0	3780	28384	63
0	3786	28411	62
0	3793	28416	63
0	3796	28445	62
0	3803	28478	61
0	3809	28480	62
0	3822	28544	63
0	3823	28577	62
0	3829	28608	63
0	3831	28672	64
0	3835	28736	65
0	3839	28800	66
0	3840	28856	65
0	3848	28864	66
0	3850	28928	67
0	3851	28958	66
0	3856	28962	65
0	3864	28992	66
0	3868	29056	67
0	3869	29114	66
0	3877	29120	67
0	3879	29184	68
0	3880	29198	67
0	3890	29248	68
0	3891	29252	67
0	3896	29255	66
0	3902	29312	67
0	3903	29319	66
0	3911	29376	67
0	3912	29402	66
0	3919	29428	65
0	3924	29438	64
0	3932	29440	65
0	3933	29466	64
0	3937	29498	63
0	3942	29504	64
0	3946	29540	63
0	3954	29568	64
0	3959	29632	65
0	3960	29659	64
0	3968	29696	65
0	3974	29760	66
0	3975	29780	65
0	3980	29805	64
0	3986	29824	65
0	3987	29872	64
0	3992	29888	65
0	4001	29952	66
0	4008	30000	67
0	4012	30016	68
0	4013	30039	67
0	4019	30080	68
0	4020	30101	67
0	4028	30144	68
0	4029	30161	67
0	4044	30208	68
0	4052	30272	69
0	4053	30287	68
0	4061	30336	69
0	4065	30400	70
0	4066	30410	69
0	4071	30426	68
0	4076	30463	67
0	4082	30464	68
0	4086	30528	69
0	4089	30582	68
0	4095	30592	69
0	4099	30656	70
0	4103	30720	71
0	4104	30730	70
0	4109	30774	69
0	4115	30784	70
0	4116	30815	69
0	4122	30848	70
0	4128	30912	71
0	4129	30938	70
0	4137	30976	71
0	4139	31040	72
0	4141	31104	73
0	4145	31168	74
0	4146	31231	73
0	4152	31232	74
0	4153	31233	73
0	4163	31296	74
0	4165	31360	75
0	4166	31363	74
0	4171	31405	73
0	4177	31424	74
0	4178	31475	73
0	4188	31488	74
0	4192	31519	73
0	4198	31552	74
0	4199	31561	73
0	4204	31615	72
0	4209	31616	73
0	4210	31626	72
0	4214	31644	71
0	4228	31675	70
0	4233	31680	71
0	4242	31721	70
0	4250	31744	71
0	4252	31808	72
0	4258	31872	73
0	4263	31933	72
0	4269	31936	73
0	4271	32000	74
0	4275	32064	75
0	4276	32076	74
0	4282	32128	75
0	4283	32179	74
0	4289	32192	75
0	4290	32215	74
0	4298	32256	75
0	4302	32320	76
0	4304	32384	77
0	4305	32414	76
0	4311	32448	77
0	4315	32512	78
0	4317	32576	79
0	4318	32610	78
0	4323	32617	77
0	4328	32637	76
0	4333	32639	75
0	4338	32640	76
0	4340	32704	77
0	4341	32731	76
0	4348	32767	75
0	4353	32768	76
0	4354	32797	75
0	4358	32809	74
0	4363	32832	75
0	4368	32896	76
0	4373	32960	77
0	4378	33024	78
0	4382	33047	77
0	4391	33088	78
0	4398	33152	79
0	4404	33191	78
0	4412	33216	79
0	4413	33252	78
0	4419	33280	79
0	4420	33305	78
0	4428	33344	79
0	4432	33408	80
0	4433	33423	79
0	4441	33472	80
0	4445	33536	81
0	4447	33600	82
0	4448	33619	81
0	4456	33664	82
0	4457	33687	81
0	4469	33728	82
0	4470	33744	81
0	4476	33792	82
0	4479	33824	81
0	4485	33856	82
0	4486	33867	81
0	4491	33872	80
0	4503	33920	81
0	4504	33939	80
0	4510	33984	81
0	4511	34040	80
0	4517	34048	81
0	4518	34088	80
0	4526	34112	81
0	4530	34176	82
0	4531	34238	81
0	4537	34240	82
0	4541	34304	83
0	4542	34311	82
0	4547	34324	81
0	4554	34367	80
0	4560	34368	81
0	4563	34426	80
0	4569	34432	81
0	4575	34496	82
0	4579	34512	81
0	4589	34560	82
0	4591	34624	83
0	4592	34659	82
0	4600	34688	83
0	4603	34711	82
0	4611	34752	83
0	4612	34754	82
0	4617	34783	81
0	4623	34816	82
0	4624	34843	81
0	4628	34867	80
0	4632	34872	79
0	4637	34880	80
0	4645	34944	81
0	4646	34952	80
0	4650	34977	79
0	4655	35008	80
0	4656	35029	79
0	4661	35072	80
0	4662	35114	79
0	4667	35136	80
0	4672	35200	81
0	4679	35238	80
0	4687	35264	81
0	4695	35328	82
0	4696	35357	81
0	4700	35361	80
0	4705	35392	81
0	4706	35442	80
0	4711	35456	81
0	4718	35483	80
0	4726	35520	81
0	4730	35559	80
0	4735	35584	81
0	4739	35611	80
0	4744	35648	81
0	4753	35712	82
0	4754	35717	81
0	4762	35776	82
0	4764	35840	83
0	4766	35904	84
0	4767	35908	83
0	4772	35910	82
0	4777	35919	81
0	4782	35968	82
0	4790	36000	83
0	4800	36031	82
0	4805	36032	83
0	4809	36058	82
0	4813	36064	81
0	4817	36067	80
0	4822	36096	81
0	4835	36160	82
0	4836	36176	81
0	4846	36224	82
0	4849	36288	81
0	4853	36288	82
0	4856	36352	83
0	4857	36361	82
0	4862	36416	83
0	4863	36421	82
0	4877	36480	83
0	4887	36544	84
0	4888	36564	83
0	4894	36608	84
0	4898	36672	85
0	4900	36736	86
0	4901	36756	85
0	4906	36788	84
0	4912	36800	85
0	4913	36825	84
0	4918	36844	83
0	4923	36860	82
0	4928	36864	83
0	4929	36873	82
0	4933	36875	81
0	4937	36911	80
0	4942	36928	81
0	4943	36930	80
0	4947	36975	79
0	4952	36992	80
0	4957	37056	81
0	4959	37120	82
0	4960	37178	81
0	4965	37184	82
0	4973	37248	83
0	4974	37270	82
0	4978	37303	81
0	4983	37312	82
0	4984	37330	81
0	4991	37354	80
0	5002	37376	81
0	5003	37417	80
0	5011	37440	81
0	5012	37450	80
0	5019	37472	79
0	5023	37474	78
0	5031	37504	79
0	5032	37506	78
0	5037	37568	79
0	5045	37632	80
0	5052	37671	79
0	5057	37696	80
0	5064	37758	79
0	5069	37760	80
0	5073	37775	79
0	5080	37797	78
0	5084	37810	77
0	5088	37814	76
0	5093	37824	77
0	5097	37865	76
0	5102	37888	77
0	5103	37920	76
0	5107	37922	75
0	5111	37930	74
0	5116	37952	75
0	5117	37971	74
0	5121	37983	73
0	5134	38014	72
0	5139	38016	73
0	5144	38080	74
0	5149	38144	75
0	5153	38155	74
0	5157	38163	73
0	5164	38193	72
0	5168	38208	71
0	5170	38208	70
0	5173	38208	71
0	5185	38272	72
0	5196	38336	73
0	5197	38354	72
0	5208	38400	73
0	5222	38461	72
0	5227	38464	73
0	5228	38465	72
0	5236	38528	73
0	5237	38539	72
0	5253	38592	73
0	5256	38606	72
0	5265	38652	71
0	5270	38654	70
0	5276	38656	71
0	5277	38702	70
0	5285	38720	71
0	5289	38784	72
0	5290	38794	71
0	5295	38813	70
0	5300	38848	71
0	5305	38912	72
0	5309	38976	73
0	5322	39040	74
0	5323	39059	73
0	5330	39078	72
0	5336	39104	73
0	5337	39110	72
0	5349	39168	73
0	5350	39206	72
0	5355	39209	71
0	5361	39232	72
0	5363	39296	73
0	5367	39360	74
0	5368	39405	73
0	5374	39424	74
0	5378	39488	75
0	5379	39512	74
0	5386	39551	73
0	5392	39552	74
0	5393	39554	73
0	5400	39578	72
0	5406	39616	73
0	5407	39635	72
0	5415	39680	73
0	5419	39744	74
0	5420	39750	73
0	5428	39808	74
0	5430	39872	75
0	5431	39900	74
0	5436	39935	73
0	5441	39936	74
0	5450	40000	75
0	5451	40021	74
0	5459	40064	75
0	5463	40128	76
0	5464	40138	75
0	5474	40192	76
0	5476	40256	77
0	5477	40278	76
0	5483	40320	77
0	5487	40384	78
0	5488	40446	77
0	5494	40448	78
0	5495	40474	77
0	5500	40490	76
0	5509	40512	77
0	5510	40538	76
0	5522	40576	77
0	5528	40640	78
0	5533	40656	77
0	5539	40704	78
0	5540	40717	77
0	5545	40740	76
0	5551	40768	77
0	5552	40792	76
0	5560	40832	77
0	5564	40896	78
0	5565	40958	77
0	5571	40960	78
0	5572	40979	77
0	5578	41024	78
0	5585	41069	77
0	5591	41088	78
0	5594	41140	77
0	5599	41143	76
0	5605	41152	77
0	5606	41171	76
0	5611	41186	75
0	5619	41216	76
0	5620	41247	75
0	5627	41264	74
0	5631	41266	73
0	5639	41280	74
0	5640	41302	73
0	5649	41344	74
0	5650	41345	73
0	5654	41347	72
0	5659	41408	73
0	5665	41450	72
0	5670	41472	73
0	5682	41536	74
0	5685	41574	73
0	5691	41600	74
0	5695	41664	75
0	5696	41727	74
0	5702	41728	75
0	5704	41792	76
0	5705	41843	75
0	5711	41856	76
0	5712	41864	75
0	5718	41920	76
0	5719	41929	75
0	5731	41984	76
0	5736	42000	77
0	5740	42048	78
0	5741	42052	77
0	5746	42053	76
0	5752	42059	75
0	5762	42076	74
0	5770	42112	75
0	5777	42176	76
0	5778	42219	75
0	5784	42240	76
0	5785	42302	75
0	5790	42304	76
0	5798	42337	75
0	5803	42338	74
0	5809	42368	75
0	5811	42432	76
0	5812	42438	75
0	5819	42443	74
0	5829	42496	75
0	5831	42560	76
0	5837	42624	77
0	5845	42688	78
0	5846	42693	77
0	5852	42752	78
0	5856	42816	79
0	5858	42880	80
0	5859	42936	79
0	5865	42944	80
0	5867	43008	81
0	5868	43016	80
0	5877	43072	81
0	5880	43136	82
0	5884	43200	83
0	5885	43243	82
0	5891	43264	83
0	5893	43328	84
0	5897	43392	85
0	5898	43407	84
0	5904	43456	85
0	5908	43502	84
0	5913	43512	83
0	5921	43520	84
0	5922	43554	83
0	5928	43584	84
0	5929	43628	83
0	5934	43639	82
0	5939	43648	83
0	5946	43712	84
0	5949	43756	83
0	5957	43776	84
0	5958	43777	83
0	5971	43820	82
0	5983	43840	83
0	5985	43904	84
0	5986	43919	83
0	5992	43968	84
0	5993	43981	83
0	5998	43985	82
0	6003	43990	81
0	6009	44032	82
0	6013	44096	83
0	6014	44110	82
0	6022	44160	83
0	6030	44224	84
0	6032	44288	85
0	6033	44304	84
0	6041	44352	85
0	6043	44416	86
0	6045	44480	87
0	6046	44508	86
0	6052	44544	87
0	6054	44608	88
0	6055	44670	87
0	6061	44672	88
0	6064	44730	87
0	6070	44736	88
0	6071	44756	87
0	6076	44791	86
0	6082	44800	87
0	6085	44844	86
0	6091	44864	87
0	6094	44914	86
0	6100	44928	87
0	6101	44960	86
0	6106	44992	87
0	6118	45056	88
0	6124	45120	89
0	6130	45184	90
0	6131	45242	89
0	6137	45248	90
0	6140	45295	89
0	6148	45312	90
0	6151	45360	89
0	6156	45363	88
0	6162	45376	89
0	6168	45440	90
0	6170	45504	91
0	6171	45517	90
0	6177	45568	91
0	6178	45571	90
0	6183	45611	89
0	6189	45632	90
0	6190	45638	89
0	6198	45696	90
0	6202	45760	91
0	6208	45824	92
0	6210	45888	93
0	6211	45905	92
0	6217	45952	93
0	6218	45963	92
0	6223	45999	91
0	6229	46016	92
0	6233	46080	93
0	6237	46144	94
0	6238	46176	93
0	6244	46208	94
0	6245	46218	93
0	6251	46272	94
0	6255	46336	95
0	6256	46363	94
0	6263	46388	93
0	6269	46400	94
0	6275	46464	95
0	6276	46496	94
0	6287	46528	95
0	6288	46547	94
0	6294	46592	95
0	6295	46603	94
0	6303	46656	95
0	6304	46669	94
0	6309	46685	93
0	6321	46720	94
0	6322	46748	93
0	6328	46784	94
0	6329	46785	93
0	6336	46821	92
0	6342	46848	93
0	6343	46859	92
0	6348	46875	91
0	6356	46912	92
0	6365	46963	91
0	6371	46976	92
0	6379	47040	93
0	6381	47104	94
0	6382	47160	93
0	6388	47168	94
0	6390	47232	95
0	6391	47241	94
0	6399	47296	95
0	6400	47310	94
0	6408	47360	95
0	6412	47424	96
0	6413	47451	95
0	6414	47451	94
0	6426	47488	95
0	6427	47546	94
0	6432	47548	93
0	6438	47552	94
0	6445	47608	93
0	6451	47616	94
0	6454	47652	93
0	6459	47665	92
0	6465	47680	93
0	6468	47741	92
0	6474	47744	93
0	6480	47758	92
0	6487	47808	93
0	6489	47872	94
0	6491	47936	95
0	6492	47954	94
0	6502	48000	95
0	6504	48000	96
0	6507	48064	97
0	6510	48109	96
0	6516	48128	97
0	6517	48145	96
0	6522	48160	95
0	6528	48192	96
0	6531	48211	95
0	6550	48256	96
0	6553	48298	95
0	6559	48320	96
0	6560	48359	95
0	6568	48384	96
0	6573	48437	95
0	6579	48448	96
0	6582	48471	95
0	6589	48502	94
0	6597	48512	95
0	6598	48520	94
0	6606	48576	95
0	6607	48587	94
0	6614	48640	93
0	6618	48640	94
0	6621	48643	93
0	6631	48704	94
0	6634	48712	93
0	6640	48768	94
0	6643	48801	93
0	6649	48832	94
0	6650	48833	93
0	6655	48845	92
0	6662	48885	91
0	6668	48896	92
0	6676	48960	93
0	6677	48964	92
0	6684	48975	91
0	6689	48981	90
0	6695	49024	91
0	6697	49088	92
0	6698	49099	91
0	6708	49152	92
0	6710	49216	93
0	6711	49245	92
0	6717	49280	93
0	6720	49306	92
0	6726	49344	93
0	6729	49381	92
0	6735	49408	93
0	6736	49425	92
0	6741	49431	91
0	6751	49472	92
0	6755	49509	91
0	6763	49536	92
0	6771	49600	93
0	6774	49619	92
0	6779	49624	91
0	6789	49664	92
0	6793	49728	93
0	6794	49745	92
0	6800	49792	93
0	6806	49856	94
0	6807	49904	93
0	6813	49920	94
0	6817	49984	95
0	6818	50020	94
0	6824	50048	95
0	6825	50062	94
0	6833	50112	95
0	6835	50176	96
0	6837	50240	97
0	6838	50261	96
0	6843	50268	95
0	6850	50301	94
0	6855	50304	93
0	6859	50304	94
0	6864	50361	93
0	6870	50368	94
0	6873	50422	93
0	6879	50432	94
0	6880	50449	93
0	6885	50496	94
0	6886	50498	93
0	6890	50505	92
0	6894	50555	91
0	6899	50560	92
0	6903	50595	91
0	6910	50612	90
0	6915	50624	91
0	6917	50688	92
0	6918	50725	91
0	6926	50752	92
0	6928	50816	93
0	6936	50880	94
0	6941	50944	95
0	6942	50955	94
0	6949	51001	93
0	6957	51008	94
0	6962	51072	95
0	6973	51136	96
0	6983	51200	97
0	6984	51223	96
0	6990	51264	97
0	6993	51293	96
0	6999	51328	97
0	7000	51379	96
0	7006	51392	97
0	7010	51456	98
0	7011	51504	97
0	7017	51520	98
0	7021	51584	99
0	7022	51615	98
0	7030	51648	99
0	7034	51712	100
0	7036	51776	101
0	7037	51810	100
0	7043	51840	101
0	7044	51888	100
0	7050	51904	101
0	7052	51968	102
0	7053	51988	101
0	7059	52032	102
0	7060	52074	101
0	7066	52096	102
0	7067	52102	101
0	7075	52160	102
0	7079	52224	103
0	7082	52281	102
0	7088	52288	103
0	7091	52301	102
0	7099	52352	103
0	7102	52409	102
0	7108	52416	103
0	7109	52469	102
0	7115	52480	103
0	7121	52515	102
0	7127	52544	103
0	7131	52608	104
0	7135	52672	105
0	7136	52683	104
0	7144	52736	105
0	7146	52800	106
0	7147	52817	105
0	7161	52864	106
0	7162	52881	105
0	7167	52884	104
0	7174	52928	105
0	7176	52979	104
0	7182	52992	105
0	7188	53056	106
0	7190	53120	107
0	7191	53140	106
0	7197	53184	107
0	7201	53248	108
0	7202	53303	107
0	7207	53310	106
0	7213	53312	107
0	7217	53376	108
0	7220	53391	107
0	7225	53413	106
0	7231	53440	107
0	7235	53504	108
0	7239	53568	109
0	7240	53607	108
0	7246	53632	109
0	7251	53674	108
0	7256	53683	107
0	7261	53689	106
0	7267	53696	107
0	7268	53697	106
0	7276	53760	107
0	7277	53770	106
0	7282	53780	105
0	7290	53824	106
0	7295	53877	105
0	7301	53888	106
0	7305	53952	107
0	7306	53957	106
0	7311	53979	105
0	7321	54000	106
0	7325	54009	105
0	7331	54016	106
0	7339	54039	105
0	7346	54077	104
0	7351	54080	105
0	7352	54082	104
0	7362	54138	103
0	7367	54144	104
0	7368	54207	103
0	7373	54208	104
0	7380	54239	103
0	7390	54272	104
0	7396	54336	105
0	7400	54400	106
0	7401	54447	105
0	7407	54464	106
0	7408	54470	105
0	7413	54504	104
0	7423	54528	105
0	7424	54529	104
0	7429	54535	103
0	7439	54592	104
0	7442	54648	103
0	7448	54656	104
0	7452	54720	105
0	7454	54784	106
0	7455	54831	105
0	7461	54848	106
0	7469	54912	107
0	7473	54976	108
0	7474	54978	107
0	7480	55040	108
0	7481	55052	107
0	7487	55104	108
0	7489	55168	109
0	7491	55232	110
0	7495	55296	111
0	7499	55360	112
0	7500	55366	111
0	7506	55424	112
0	7508	55488	113
0	7512	55523	112
0	7518	55552	113
0	7519	55596	112
0	7525	55616	113
0	7535	55680	114
0	7538	55710	113
0	7543	55717	112
0	7548	55720	111
0	7556	55744	112
0	7557	55755	111
0	7565	55808	112
0	7566	55826	111
0	7571	55832	110
0	7578	55862	109
0	7583	55872	110
0	7584	55888	109
0	7588	55926	108
0	7593	55936	109
0	7598	56000	110
0	7602	56022	109
0	7609	56058	108
0	7614	56064	109
0	7621	56115	108
0	7626	56128	109
0	7627	56141	108
0	7631	56162	107
0	7636	56192	108
0	7643	56217	107
0	7647	56234	106
0	7655	56256	107
0	7663	56320	108
0	7668	56375	107
0	7676	56384	108
0	7680	56448	109
0	7681	56491	108
0	7687	56512	109
0	7691	56576	110
0	7692	56598	109
0	7697	56626	108
0	7705	56640	109
0	7706	56666	108
0	7716	56704	109
0	7717	56747	108
0	7722	56753	107
0	7728	56768	108
0	7729	56802	107
0	7734	56826	106
0	7739	56832	107
0	7740	56854	106
0	7745	56896	107
0	7749	56907	106
0	7760	56960	107
0	7761	56979	106
0	7769	57024	107
0	7773	57027	106
0	7780	57073	105
0	7785	57088	106
0	7786	57115	105
0	7790	57149	104
0	7795	57152	105
0	7802	57177	104
0	7810	57216	105
0	7817	57280	106
0	7818	57292	105
0	7826	57344	106
0	7832	57408	107
0	7833	57440	106
0	7838	57452	105
0	7846	57472	106
0	7847	57487	105
0	7855	57536	106
0	7857	57600	107
0	7861	57664	108
0	7862	57704	107
0	7870	57728	108
0	7872	57792	109
0	7873	57824	108
0	7879	57856	109
0	7880	57874	108
0	7890	57920	109
0	7891	57932	108
0	7896	57974	107
0	7902	57984	108
0	7903	57991	107
0	7908	58017	106
0	7916	58048	107
0	7920	58112	108
0	7925	58174	107
0	7931	58176	108
0	7932	58188	107
0	7937	58217	106
0	7943	58240	107
0	7946	58270	106
0	7951	58273	105
0	7955	58276	104
0	7959	58288	103
0	7964	58304	104
0	7965	58306	103
0	7969	58348	102
0	7978	58368	103
0	7985	58432	104
0	7993	58496	105
0	8007	58560	106
0	8008	58568	105
0	8012	58606	104
0	8017	58624	105
0	8028	58688	106
0	8031	58718	105
0	8037	58752	106
0	8038	58799	105
0	8046	58816	106
0	8049	58848	105
0	8055	58880	106
0	8056	58908	105
0	8064	58944	106
0	8066	59008	107
0	8074	59072	108
0	8075	59094	107
0	8080	59104	106
0	8087	59134	105
0	8093	59136	106
0	8094	59142	105
0	8102	59200	106
0	8104	59264	107
0	8105	59297	106
0	8113	59328	107
0	8115	59392	108
0	8116	59426	107
0	8122	59456	108
0	8128	59520	109
0	8129	59581	108
0	8135	59584	109
0	8136	59643	108
0	8142	59648	109
0	8144	59712	110
0	8147	59773	109
0	8153	59776	110
0	8156	59805	109
0	8161	59819	108
0	8166	59840	109
0	8171	59904	110
0	8173	59968	111
0	8174	59982	110
0	8185	60000	111
0	8189	60032	112
0	8190	60035	111
0	8206	60096	112
0	8213	60160	113
0	8217	60224	114
0	8221	60288	115
0	8225	60352	116
0	8228	60362	115
0	8233	60387	114
0	8239	60416	115
0	8240	60455	114
0	8245	60472	113
0	8251	60480	114
0	8254	60521	113
0	8259	60533	112
0	8264	60544	113
0	8273	60608	114
0	8274	60628	113
0	8282	60672	114
0	8284	60736	115
0	8287	60745	114
0	8295	60800	115
0	8296	60861	114
0	8302	60864	115
0	8306	60928	116
0	8308	60992	117
0	8310	61056	118
0	8311	61066	117
0	8316	61092	116
0	8324	61120	117
0	8327	61151	116
0	8335	61184	117
0	8336	61226	116
0	8341	61243	115
0	8347	61248	116
0	8353	61312	117
0	8354	61347	116
0	8359	61350	115
0	8365	61376	116
0	8367	61440	117
0	8370	61469	116
0	8379	61504	117
0	8382	61527	116
0	8389	61555	115
0	8395	61568	116
0	8396	61582	115
0	8403	61596	114
0	8409	61632	115
0	8411	61696	116
0	8412	61714	115
0	8419	61742	114
0	8424	61760	115
0	8439	61824	116
0	8440	61858	115
0	8446	61888	116
0	8447	61911	115
0	8452	61930	114
0	8460	61952	115
0	8466	62016	116
0	8467	62025	115
0	8474	62064	114
0	8481	62073	113
0	8486	62074	112
0	8494	62080	113
0	8498	62144	114
0	8500	62208	115
0	8501	62225	114
0	8506	62227	113
0	8512	62272	114
0	8517	62322	113
0	8523	62336	114
0	8526	62369	113
0	8532	62400	114
0	8534	62464	115
0	8538	62528	116
0	8539	62587	115
0	8544	62589	114
0	8550	62592	115
0	8554	62656	116
0	8558	62720	117
0	8561	62771	116
0	8567	62784	117
0	8568	62810	116
0	8574	62848	117
0	8575	62870	116
0	8581	62912	117
0	8582	62926	116
0	8591	62935	115
0	8596	62946	114
0	8601	62976	115
0	8605	63010	114
0	8610	63040	115
0	8611	63045	114
0	8616	63104	115
0	8621	63138	114
0	8625	63143	113
0	8633	63168	114
0	8640	63232	115
0	8641	63287	114
0	8646	63296	115
0	8647	63312	114
0	8655	63360	115
0	8666	63424	116
0	8667	63482	115
0	8672	63488	116
0	8676	63541	115
0	8681	63552	116
0	8685	63589	115
0	8690	63616	116
0	8698	63680	117
0	8700	63744	118
0	8706	63808	119
0	8708	63872	120
0	8712	63936	121
0	8714	64000	122
0	8718	64064	123
0	8719	64072	122
0	8727	64128	123
0	8728	64150	122
0	8733	64168	121
0	8739	64192	122
0	8740	64206	121
0	8745	64245	120
0	8751	64256	121
0	8754	64290	120
0	8762	64320	121
0	8764	64384	122
0	8765	64385	121
0	8772	64429	120
0	8777	64447	119
0	8782	64448	120
0	8792	64512	121
0	8793	64573	120
0	8799	64576	121
0	8801	64640	122
0	8802	64656	121
0	8810	64704	122
0	8816	64768	123
0	8817	64798	122
0	8824	64827	121
0	8830	64832	122
0	8831	64837	121
0	8839	64896	122
0	8840	64900	121
0	8845	64945	120
0	8850	64960	121
0	8851	65006	120
0	8856	65024	121
0	8857	65030	120
0	8865	65088	121
0	8866	65134	120
0	8870	65143	119
0	8875	65152	120
0	8882	65207	119
0	8886	65211	118
0	8891	65216	119
0	8910	65258	118
0	8915	65280	119
0	8921	65297	118
0	8929	65344	119
0	8933	65408	120
0	8937	65472	121
0	8938	65525	120
0	8944	65536	121
0	8945	65556	120
0	8950	65563	119
0	8956	65600	120
0	8959	65657	119
0	8967	65664	120
0	8973	65728	121
0	8977	65792	122
0	8978	65794	121
0	8983	65797	120
0	8989	65856	121
0	8990	65875	120
0	8995	65880	119
0	9001	65920	120
0	9003	65984	121
0	9008	66000	122
0	9016	66048	123
0	9017	66074	122
0	9022	66081	121
0	9030	66112	122
0	9033	66144	121
0	9038	66149	120
0	9046	66176	121
0	9052	66240	122
0	9055	66278	121
0	9066	66304	122
0	9072	66368	123
0	9074	66432	124
0	9077	66496	123
0	9081	66496	124
0	9088	66549	123
0	9094	66560	124
0	9095	66585	123
0	9105	66624	124
0	9106	66640	123
0	9112	66688	124
0	9114	66752	125
0	9115	66756	124
0	9120	66814	123
0	9126	66816	124
0	9131	66856	123
0	9137	66880	124
0	9140	66914	123
0	9146	66944	124
0	9147	66994	123
0	9153	67008	124
0	9154	67038	123
0	9161	67060	122
0	9166	67072	123
0	9167	67091	122
0	9172	67136	123
0	9173	67147	122
0	9178	67200	123
0	9185	67244	122
0	9189	67256	121
0	9193	67260	120
0	9198	67264	121
0	9202	67293	120
0	9210	67328	121
0	9211	67340	120
0	9218	67378	119
0	9223	67392	120
0	9228	67456	121
0	9229	67468	120
0	9243	67520	121
0	9247	67546	120
0	9251	67554	119
0	9256	67584	120
0	9261	67648	121
0	9268	67712	120
0	9272	67712	121
0	9276	67776	122
0	9286	67840	123
0	9290	67904	124
0	9294	67968	125
0	9295	68031	124
0	9301	68032	125
0	9305	68096	126
0	9307	68160	127
0	9310	68169	126
0	9315	68173	125
0	9320	68180	124
0	9325	68215	123
0	9330	68224	124
0	9331	68251	123
0	9336	68288	124
0	9341	68352	125
0	9348	68416	126
0	9351	68455	125
0	9359	68480	126
0	9360	68492	125
0	9368	68544	126
0	9372	68608	127
0	9375	68622	126
0	9380	68652	125
0	9386	68672	126
0	9388	68736	127
0	9389	68797	126
0	9395	68800	127
0	9398	68863	126
0	9404	68864	127
0	9407	68876	126
0	9415	68928	127
0	9417	68992	128
0	9418	68997	127
0	9426	69034	126
0	9432	69056	127
0	9434	69120	128
0	9441	69162	127
0	9450	69180	126
0	9458	69184	127
0	9462	69248	128
0	9466	69312	129
0	9467	69373	128
0	9473	69376	129
0	9474	69378	128
0	9481	69426	127
0	9487	69440	128
0	9490	69454	127
0	9500	69504	128
0	9501	69535	127
0	9507	69568	128
0	9508	69581	127
0	9515	69587	126
0	9525	69632	127
0	9527	69696	128
0	9528	69744	127
0	9534	69760	128
0	9535	69783	127
0	9541	69824	128
0	9542	69844	127
0	9547	69858	126
0	9555	69888	127
0	9559	69952	128
0	9560	69971	127
0	9570	70016	128
0	9573	70029	127
0	9578	70044	126
0	9583	70048	125
0	9593	70080	126
0	9594	70107	125
0	9604	70144	126
0	9608	70208	127
0	9610	70272	128
0	9612	70336	129
0	9613	70400	128
0	9617	70400	129
0	9620	70410	128
0	9625	70440	127
0	9635	70464	128
0	9636	70472	127
0	9647	70528	128
0	9649	70592	129
0	9651	70656	130
0	9653	70720	131
0	9657	70784	132
0	9662	70839	131
0	9668	70848	132
0	9669	70866	131
0	9681	70912	132
0	9682	70933	131
0	9688	70976	132
0	9690	71040	133
0	9693	71056	132
0	9698	71087	131
0	9704	71104	132
0	9705	71125	131
0	9713	71168	132
0	9714	71192	131
0	9720	71232	132
0	9722	71296	133
0	9723	71310	132
0	9728	71312	131
0	9732	71314	130
0	9740	71360	131
0	9749	71424	132
0	9752	71478	131
0	9758	71488	132
0	9759	71520	131
0	9768	71548	130
0	9774	71552	131
0	9775	71554	130
0	9780	71561	129
0	9785	71584	128
0	9789	71603	127
0	9793	71606	126
0	9798	71616	127
0	9806	71680	128
0	9810	71706	127
0	9815	71744	128
0	9820	71808	129
0	9823	71870	128
0	9829	71872	129
0	9833	71936	130
0	9841	72000	131
0	9843	72000	132
0	9848	72064	133
0	9850	72128	134
0	9853	72165	133
0	9863	72183	132
0	9869	72192	133
0	9873	72256	134
0	9878	72299	133
0	9886	72320	134
0	9888	72384	135
0	9890	72448	136
0	9892	72512	137
0	9894	72576	138
0	9895	72580	137
0	9900	72584	136
0	9911	72619	135
0	9917	72640	136
0	9921	72704	137
0	9923	72768	138
0	9927	72832	139
0	9928	72837	138
0	9936	72896	139
0	9937	72907	138
0	9942	72910	137
0	9949	72948	136
0	9955	72960	137
0	9956	72995	136
0	9966	73024	137
0	9969	73088	136
0	9973	73088	137
0	9976	73125	136
0	9982	73152	137
0	9988	73216	138
0	9990	73280	139
0	9993	73320	138
0	10001	73344	139
0	10003	73408	140
0	10005	73472	141
0	10009	73511	140
0	10015	73536	141
0	10023	73600	142
0	10024	73635	141
0	10032	73664	142
0	10033	73727	141
0	10039	73728	142
0	10041	73792	143
0	10045	73856	144
0	10046	73879	143
0	10051	73890	142
0	10057	73920	143
0	10061	73984	144
0	10062	73996	143
0	10067	74004	142
0	10072	74015	141
0	10080	74048	142
0	10086	74112	143
0	10092	74176	144
0	10094	74240	145
0	10096	74304	146
0	10097	74325	145
0	10103	74368	146
0	10105	74432	147
0	10107	74496	148
0	10108	74551	147
0	10114	74560	148
0	10116	74624	149
0	10117	74635	148
0	10125	74688	149
0	10126	74699	148
0	10134	74752	149
0	10137	74808	148
0	10143	74816	149
0	10144	74833	148
0	10152	74880	149
0	10153	74883	148
0	10158	74887	147
0	10167	74942	146
0	10173	74944	147
0	10176	74995	146
0	10185	75008	147
0	10186	75022	146
0	10191	75025	145
0	10195	75054	144
0	10200	75072	145
0	10201	75079	144
0	10205	75115	143
0	10209	75119	142
0	10218	75136	143
0	10225	75200	144
0	10237	75264	145
0	10245	75328	146
0	10246	75355	145
0	10256	75392	146
0	10260	75456	147
0	10261	75519	146
0	10267	75520	147
0	10268	75524	146
0	10275	75542	145
0	10283	75584	146
0	10284	75598	145
0	10289	75604	144
0	10294	75630	143
0	10300	75648	144
0	10301	75653	143
0	10309	75712	144
0	10313	75776	145
0	10317	75840	146
0	10321	75904	147
0	10323	75968	148
0	10324	75981	147
0	10329	75997	146
0	10335	76032	147
0	10337	76096	148
0	10341	76160	149
0	10343	76224	150
0	10344	76248	149
0	10354	76288	150
0	10355	76289	149
0	10360	76299	148
0	10368	76352	149
0	10369	76401	148
0	10375	76416	149
0	10378	76463	148
0	10383	76472	147
0	10389	76480	148
0	10390	76499	147
0	10398	76544	148
0	10400	76608	149
0	10401	76613	148
0	10416	76672	149
0	10417	76682	148
0	10424	76688	147
0	10432	76736	148
0	10438	76800	149
0	10442	76864	150
0	10443	76865	149
0	10448	76876	148
0	10454	76928	149
0	10455	76929	148
0	10462	76978	147
0	10470	76992	148
0	10474	77056	149
0	10478	77120	150
0	10480	77184	151
0	10481	77187	150
0	10489	77248	151
0	10490	77256	150
0	10496	77312	151
0	10502	77376	152
0	10503	77377	151
0	10508	77395	150
0	10514	77440	151
0	10518	77504	152
0	10522	77568	153
0	10525	77594	152
0	10531	77632	153
0	10533	77696	154
0	10537	77760	155
0	10538	77766	154
0	10543	77798	153
0	10548	77809	152
0	10554	77824	153
0	10558	77888	154
0	10559	77911	153
0	10567	77952	154
0	10574	78000	155
0	10577	78007	154
0	10585	78016	155
0	10588	78049	154
0	10594	78080	155
0	10598	78144	156
0	10600	78208	157
0	10602	78272	158
0	10604	78336	159
0	10619	78400	160
0	10621	78464	161
0	10623	78528	162
0	10624	78541	161
0	10629	78551	160
0	10635	78592	161
0	10636	78601	160
0	10641	78603	159
0	10647	78656	160
0	10648	78715	159
0	10656	78720	160
0	10659	78770	159
0	10665	78784	160
0	10669	78848	161
0	10670	78877	160
0	10677	78884	159
0	10685	78912	160
0	10686	78973	159
0	10694	78976	160
0	10695	78993	159
0	10700	78994	158
0	10705	79040	159
0	10706	79074	158
0	10710	79081	157
0	10715	79104	158
0	10716	79106	157
0	10727	79168	158
0	10729	79232	159
0	10731	79296	160
0	10732	79299	159
0	10742	79360	158
0	10746	79360	159
0	10752	79424	160
0	10756	79473	159
0	10760	79480	158
0	10765	79488	159
0	10769	79534	158
0	10774	79552	159
0	10779	79616	160
0	10791	79680	161
0	10793	79744	162
0	10800	79785	161
0	10808	79808	162
0	10809	79823	161
0	10815	79872	162
0	10821	79936	163
0	10823	80000	164
0	10827	80064	165
0	10829	80128	166
0	10830	80164	165
0	10836	80192	166
0	10838	80256	167
0	10839	80297	166
0	10845	80320	167
0	10847	80384	168
0	10848	80425	167
0	10856	80448	168
0	10857	80461	167
0	10863	80489	166
0	10870	80512	167
0	10873	80550	166
0	10879	80576	167
0	10880	80587	166
0	10885	80637	165
0	10890	80640	166
0	10894	80684	165
0	10898	80687	164
0	10906	80704	165
0	10910	80756	164
0	10914	80758	163
0	10919	80768	164
0	10920	80806	163
0	10925	80832	164
0	10926	80873	163
0	10931	80896	164
0	10932	80917	163
0	10943	80960	164
0	10947	80963	163
0	10955	81024	164
0	10956	81061	163
0	10965	81088	164
0	10969	81135	163
0	10974	81152	164
0	10983	81190	163
0	10988	81216	164
0	10989	81221	163
0	10993	81236	162
0	10998	81280	163
0	11000	81344	164
0	11005	81408	165
0	11006	81414	164
0	11020	81472	165
0	11024	81505	164
0	11032	81536	165
0	11033	81551	164
0	11046	81600	165
0	11048	81664	166
0	11049	81688	165
0	11054	81703	164
0	11059	81728	165
0	11069	81776	164
0	11074	81787	163
0	11080	81792	164
0	11083	81823	163
0	11093	81856	164
0	11094	81868	163
0	11100	81920	164
0	11104	81984	165
0	11107	82015	164
0	11113	82048	165
0	11116	82092	164
0	11122	82112	165
0	11126	82176	166
0	11128	82240	167
0	11129	82286	166
0	11135	82304	167
0	11137	82368	168
0	11138	82387	167
0	11144	82432	168
0	11145	82435	167
0	11153	82496	168
0	11157	82512	167
0	11163	82560	168
0	11164	82569	167
0	11170	82624	168
0	11175	82652	167
0	11184	82680	166
0	11190	82688	167
0	11191	82711	166
0	11198	82725	165
0	11206	82752	166
0	11208	82816	167
0	11209	82850	166
0	11214	82855	165
0	11222	82880	166
0	11226	82944	167
0	11227	82954	166
0	11233	83008	167
0	11240	83071	166
0	11246	83072	167
0	11247	83101	166
0	11252	83121	165
0	11257	83127	164
0	11262	83136	163
0	11266	83136	164
0	11276	83200	165
0	11281	83218	164
0	11286	83227	163
0	11291	83261	162
0	11296	83264	163
0	11305	83328	164
0	11306	83358	163
0	11314	83392	164
0	11320	83456	165
0	11323	83518	164
0	11329	83520	165
0	11331	83584	166
0	11334	83638	165
0	11340	83648	166
0	11341	83652	165
0	11348	83704	164
0	11354	83712	165
0	11358	83776	166
0	11359	83787	165
0	11367	83840	166
0	11371	83904	167
0	11373	83968	168
0	11378	84000	169
0	11381	84007	168
0	11386	84011	167
0	11392	84032	168
0	11393	84035	167
0	11398	84040	166
0	11410	84096	167
0	11416	84144	166
0	11423	84156	165
0	11429	84160	166
0	11433	84224	167
0	11434	84228	166
0	11441	84271	165
0	11447	84288	166
0	11448	84324	165
0	11456	84352	166
0	11466	84416	167
0	11467	84429	166
0	11473	84480	167
0	11475	84544	168
0	11481	84608	169
0	11484	84669	168
0	11490	84672	169
0	11491	84673	168
0	11499	84736	169
0	11501	84800	170
0	11502	84836	169
0	11508	84864	170
0	11509	84878	169
0	11515	84928	170
0	11518	84992	169
0	11522	84992	170
0	11526	85056	171
0	11529	85107	170
0	11535	85120	171
0	11540	85168	170
0	11547	85179	169
0	11553	85184	170
0	11554	85198	169
0	11561	85248	168
0	11565	85248	169
0	11571	85312	170
0	11576	85347	169
0	11582	85376	170
0	11586	85440	171
0	11591	85504	172
0	11592	85523	171
0	11602	85568	172
0	11603	85572	171
0	11608	85582	170
0	11616	85632	171
0	11619	85685	170
0	11625	85696	171
0	11629	85760	172
0	11633	85824	173
0	11634	85875	172
0	11639	85884	171
0	11646	85888	172
0	11649	85952	173
0	11650	85983	172
0	11658	86016	173
0	11663	86078	172
0	11669	86080	173
0	11670	86096	172
0	11678	86144	173
0	11680	86208	174
0	11681	86214	173
0	11689	86272	174
0	11690	86306	173
0	11695	86309	172
0	11700	86314	171
0	11708	86336	172
0	11709	86339	171
0	11716	86346	170
0	11721	86366	169
1	0	0	0
1	6	0	1
1	12	2	0
1	813	6000	1
1	822	6021	0
1	1577	12000	1
1	1584	12008	0
1	2454	18000	1
1	2499	18405	0
1	3257	24000	1
1	3299	24350	0
1	4009	30000	1
1	4034	30206	0
1	4791	36000	1
1	4795	36028	0
1	5737	42000	1
1	5751	42059	0
1	6503	48000	1
1	6542	48228	0
1	7322	54000	1
1	7332	54020	0
1	8186	60000	1
1	8197	60089	0
1	9009	66000	1
1	9060	66295	0
1	9842	72000	1
1	9858	72175	0
1	10575	78000	1
1	10605	78339	0
1	11379	84000	1
1	11411	84133	0
2	0	0	0
2	133	940	1
2	134	956	0
2	142	1004	1
2	143	1008	0
2	345	3013	1
2	349	3027	2
2	352	3086	1
2	358	3107	2
2	359	3112	1
2	362	3126	0
2	441	3648	1
2	445	3657	2
2	448	3720	1
2	454	3759	2
2	459	3871	1
2	465	3873	2
2	466	3878	1
2	476	3979	2
2	480	3992	3
2	484	4013	4
2	487	4065	3
2	493	4069	4
2	494	4073	3
2	497	4083	2
2	507	4167	3
2	508	4176	2
2	509	4176	1
2	517	4179	2
2	518	4187	1
2	524	4194	2
2	525	4209	1
2	530	4241	0
2	536	4253	1
2	540	4261	2
2	541	4266	1
2	544	4274	0
2	550	4283	1
2	556	4297	2
2	560	4298	3
2	561	4344	2
2	566	4378	1
2	571	4423	0
2	825	6021	1
2	833	6032	2
2	834	6044	1
2	839	6064	0
2	847	6103	1
2	851	6131	2
2	854	6158	1
2	860	6179	2
2	863	6236	1
2	866	6243	0
2	1024	7568	1
2	1033	7698	0
2	1039	7704	1
2	1040	7718	0
2	1182	8928	1
2	1185	8989	0
2	1248	9352	1
2	1252	9374	2
2	1258	9411	3
2	1259	9423	2
2	1262	9436	1
2	1267	9494	0
2	1273	9511	1
2	1285	9621	2
2	1286	9629	1
2	1293	9694	0
2	1375	10341	1
2	1379	10345	2
2	1380	10346	1
2	1383	10357	0
2	1514	11368	1
2	1517	11396	0
2	1523	11419	1
2	1524	11434	0
2	1606	12068	1
2	1607	12088	0
2	2069	15593	1
2	2070	15604	0
2	2115	15739	1
2	2118	15745	0
2	2234	16569	1
2	2237	16609	0
2	2290	17011	1
2	2293	17027	0
2	2337	17374	1
2	2338	17376	0
2	2396	17665	1
2	2397	17728	0
2	2448	17991	1
2	2456	18012	0
2	2502	18405	1
2	2506	18414	2
2	2509	18434	1
2	2517	18513	2
2	2518	18515	1
2	2524	18521	2
2	2525	18543	1
2	2533	18562	2
2	2534	18579	1
2	2538	18595	0
2	2543	18595	1
2	2547	18618	2
2	2550	18638	1
2	2553	18684	0
2	2679	19609	1
2	2680	19619	0
2	2735	19981	1
2	2739	19990	2
2	2743	19994	3
2	2744	20020	2
2	2749	20037	1
2	2754	20109	0
2	2771	20229	1
2	2772	20271	0
2	3129	23062	1
2	3133	23067	2
2	3134	23078	1
2	3137	23085	0
2	3302	24350	1
2	3303	24351	0
2	3313	24382	1
2	3316	24398	0
2	3330	24449	1
2	3335	24455	2
2	3338	24497	1
2	3341	24504	0
2	3349	24562	1
2	3352	24607	0
2	3367	24695	1
2	3373	24735	2
2	3379	24779	3
2	3380	24792	2
2	3386	24796	3
2	3390	24815	4
2	3391	24816	3
2	3398	24957	2
2	3403	24996	1
2	3406	25008	0
2	3592	26664	1
2	3598	26740	2
2	3604	26771	3
2	3607	26846	2
2	3613	26867	3
2	3619	26883	4
2	3620	26884	3
2	3623	26939	2
2	3628	26947	1
2	3631	26973	0
2	3927	29438	1
2	3928	29440	0
2	3936	29466	1
2	3940	29498	2
2	3943	29511	1
2	3947	29540	0
2	3952	29540	1
2	3955	29588	0
2	3963	29659	1
2	3964	29679	0
2	3990	29872	1
2	3993	29899	0
2	4207	31615	1
2	4213	31626	2
2	4217	31644	3
2	4218	31649	2
2	4221	31655	1
2	4231	31675	2
2	4234	31695	1
2	4239	31713	0
2	4245	31721	1
2	4246	31733	0
2	4336	32639	1
2	4342	32731	0
2	4347	32731	1
2	4351	32767	2
2	4357	32797	3
2	4361	32809	4
2	4364	32880	3
2	4369	32905	2
2	4379	33033	1
2	4385	33047	2
2	4394	33127	1
2	4399	33173	0
2	4423	33305	1
2	4424	33307	0
2	4627	34843	1
2	4631	34867	2
2	4635	34872	3
2	4638	34910	2
2	4641	34926	1
2	4649	34952	2
2	4653	34977	3
2	4659	35029	4
2	4665	35114	5
2	4668	35160	4
2	4673	35214	3
2	4676	35234	2
2	4688	35272	1
2	4691	35305	0
2	4699	35357	1
2	4703	35361	2
2	4709	35442	3
2	4712	35476	2
2	4715	35479	1
2	4721	35483	2
2	4722	35498	1
2	4727	35556	0
2	4733	35559	1
2	4736	35590	0
2	4742	35611	1
2	4745	35649	0
2	4780	35919	1
2	4783	35976	0
2	4803	36031	1
2	4806	36040	0
2	4812	36058	1
2	4816	36064	2
2	4820	36067	3
2	4823	36111	2
2	4826	36150	1
2	4829	36153	0
2	4854	36288	1
2	4860	36361	2
2	4866	36421	3
2	4867	36439	2
2	4870	36450	1
2	4873	36476	0
2	4926	36860	1
2	4932	36873	2
2	4936	36875	3
2	4940	36911	4
2	4946	36930	5
2	4950	36975	6
2	4953	37017	5
2	4963	37178	6
2	4966	37231	5
2	4969	37235	4
2	4977	37270	5
2	4981	37303	6
2	4987	37330	7
2	4988	37348	6
2	4994	37354	7
2	4995	37356	6
2	4998	37374	5
2	5006	37417	6
2	5007	37429	5
2	5015	37450	6
2	5016	37461	5
2	5022	37472	6
2	5026	37474	7
2	5035	37506	8
2	5038	37604	7
2	5041	37627	6
2	5046	37642	5
2	5049	37670	4
2	5055	37671	5
2	5058	37699	4
2	5061	37750	3
2	5067	37758	4
2	5070	37767	3
2	5076	37775	4
2	5077	37788	3
2	5083	37797	4
2	5087	37810	5
2	5091	37814	6
2	5094	37827	5
2	5100	37865	6
2	5106	37920	7
2	5110	37922	8
2	5114	37930	9
2	5120	37971	10
2	5124	37983	11
2	5125	37989	10
2	5128	37992	9
2	5131	38002	8
2	5137	38014	9
2	5140	38070	8
2	5145	38140	7
2	5150	38148	6
2	5156	38155	7
2	5160	38163	8
2	5161	38184	7
2	5167	38193	8
2	5176	38208	9
2	5177	38208	10
2	5178	38217	9
2	5181	38248	8
2	5186	38282	7
2	5189	38294	6
2	5192	38295	5
2	5200	38354	6
2	5201	38365	5
2	5204	38387	4
2	5209	38453	3
2	5216	38457	2
2	5219	38458	1
2	5225	38461	2
2	5231	38465	3
2	5232	38481	2
2	5240	38539	3
2	5241	38545	2
2	5244	38564	1
2	5247	38567	0
2	5298	38813	1
2	5301	38872	0
2	5410	39635	1
2	5411	39678	0
2	5439	39935	1
2	5442	39978	0
2	5614	41186	1
2	5615	41202	0
2	5623	41247	1
2	5624	41257	0
2	5630	41264	1
2	5634	41266	2
2	5635	41268	1
2	5645	41316	0
2	5653	41345	1
2	5657	41347	2
2	5662	41437	1
2	5668	41450	2
2	5671	41505	1
2	5674	41522	0
2	5722	41929	1
2	5723	41943	0
2	5757	42059	1
2	5758	42059	2
2	5759	42064	1
2	5765	42076	2
2	5766	42087	1
2	5771	42163	0
2	5788	42302	1
2	5791	42311	0
2	5815	42438	1
2	5816	42440	0
2	5822	42443	1
2	5823	42480	0
2	5937	43639	1
2	5940	43674	0
2	6104	44960	1
2	6110	45013	0
2	6351	46875	1
2	6352	46898	0
2	6744	49431	1
2	6745	49456	0
2	6883	50449	1
2	6889	50498	2
2	6893	50505	3
2	6897	50555	4
2	6900	50579	3
2	6906	50595	4
2	6907	50602	3
2	6913	50612	4
2	6921	50725	5
2	6922	50739	4
2	6929	50829	3
2	6932	50874	2
2	6937	50916	1
2	6945	50955	2
2	6952	51001	3
2	6953	51002	2
2	6958	51015	1
2	6963	51076	0
2	7070	52102	1
2	7071	52131	0
2	7285	53780	1
2	7286	53802	0
2	7335	54020	1
2	7336	54037	0
2	7342	54039	1
2	7343	54049	0
2	7349	54077	1
2	7355	54082	2
2	7356	54117	1
2	7359	54124	0
2	7365	54138	1
2	7371	54207	2
2	7374	54222	1
2	7377	54226	0
2	7383	54239	1
2	7384	54261	0
2	7434	54535	1
2	7435	54547	0
2	7574	55832	1
2	7575	55850	0
2	7581	55862	1
2	7587	55888	2
2	7591	55926	3
2	7594	55981	2
2	7599	56003	1
2	7605	56022	2
2	7606	56049	1
2	7612	56058	2
2	7615	56077	1
2	7618	56105	0
2	7624	56115	1
2	7630	56141	2
2	7634	56162	3
2	7637	56203	2
2	7640	56210	1
2	7646	56217	2
2	7650	56234	3
2	7651	56252	2
2	7656	56268	1
2	7659	56292	0
2	7737	56826	1
2	7743	56854	2
2	7746	56897	1
2	7752	56907	2
2	7753	56937	1
2	7756	56948	0
2	7764	56979	1
2	7770	57025	0
2	7776	57027	1
2	7777	57052	0
2	7783	57073	1
2	7789	57115	2
2	7793	57149	3
2	7796	57153	2
2	7799	57172	1
2	7805	57177	2
2	7806	57195	1
2	7811	57259	0
2	7911	58017	1
2	7912	58022	0
2	7954	58273	1
2	7958	58276	2
2	7962	58288	3
2	7968	58306	4
2	7972	58348	5
2	7981	58428	4
2	7986	58447	3
2	7989	58471	2
2	7997	58517	1
2	8011	58568	2
2	8015	58606	3
2	8018	58640	2
2	8021	58666	1
2	8024	58681	0
2	8041	58799	1
2	8042	58810	0
2	8059	58908	1
2	8060	58920	0
2	8164	59819	1
2	8167	59888	0
2	8177	59982	1
2	8178	59987	0
2	8193	60035	1
2	8194	60063	0
2	8200	60089	1
2	8207	60126	0
2	8262	60533	1
2	8265	60550	0
2	8415	61714	1
2	8416	61715	0
2	8422	61742	1
2	8429	61787	0
2	8455	61930	1
2	8456	61945	0
2	8585	62926	1
2	8586	62931	0
2	8599	62946	1
2	8608	63010	2
2	8614	63045	3
2	8624	63138	4
2	8628	63143	5
2	8629	63159	4
2	8634	63209	3
2	8644	63287	4
2	8650	63312	5
2	8651	63341	4
2	8656	63363	3
2	8659	63385	2
2	8662	63407	1
2	8670	63482	2
2	8673	63537	1
2	8679	63541	2
2	8682	63581	1
2	8688	63589	2
2	8691	63617	1
2	8694	63672	0
2	8780	64447	1
2	8783	64450	0
2	8805	64656	1
2	8806	64701	0
2	8848	64945	1
2	8854	65006	2
2	8860	65030	3
2	8861	65048	2
2	8869	65134	3
2	8873	65143	4
2	8876	65163	3
2	8879	65192	2
2	8885	65207	3
2	8889	65211	4
2	8892	65225	3
2	8895	65229	2
2	8898	65235	1
2	8907	65248	0
2	8913	65258	1
2	8916	65289	0
2	9157	67038	1
2	9158	67044	0
2	9164	67060	1
2	9170	67091	2
2	9176	67147	3
2	9179	67207	2
2	9182	67222	1
2	9188	67244	2
2	9192	67256	3
2	9196	67260	4
2	9199	67271	3
2	9205	67293	4
2	9206	67298	3
2	9214	67340	4
2	9215	67362	3
2	9221	67378	4
2	9224	67417	3
2	9230	67468	2
2	9235	67468	3
2	9239	67507	2
2	9244	67535	1
2	9250	67546	2
2	9254	67554	3
2	9257	67633	2
2	9277	67787	1
2	9280	67818	0
2	9328	68215	1
2	9334	68251	2
2	9337	68346	1
2	9342	68381	0
2	9550	69858	1
2	9551	69864	0
2	9731	71312	1
2	9735	71314	2
2	9736	71354	1
2	9741	71400	0
2	9788	71584	1
2	9792	71603	2
2	9796	71606	3
2	9799	71644	2
2	9802	71651	1
2	9807	71703	0
2	9813	71706	1
2	9816	71760	0
2	10075	74015	1
2	10076	74043	0
2	10194	75025	1
2	10198	75054	2
2	10204	75079	3
2	10208	75115	4
2	10214	75122	3
2	10219	75140	2
2	10230	75205	1
2	10233	75228	0
2	10304	75653	1
2	10305	75691	0
2	10393	76499	1
2	10404	76613	2
2	10405	76618	1
2	10412	76656	0
2	10420	76682	1
2	10421	76683	0
2	10427	76688	1
2	10428	76717	0
2	10458	76929	1
2	10459	76967	0
2	10465	76978	1
2	10466	76992	0
2	10651	78715	1
2	10652	78716	0
2	10703	78994	1
2	10709	79074	2
2	10713	79081	3
2	10719	79106	4
2	10720	79121	3
2	10723	79154	2
2	10735	79299	3
2	10736	79328	2
2	10739	79329	1
2	10747	79360	2
2	10748	79363	1
2	10753	79442	0
2	10759	79473	1
2	10763	79480	2
2	10772	79534	3
2	10775	79606	2
2	10784	79652	1
2	10787	79677	0
2	10888	80637	1
2	10891	80663	0
2	10897	80684	1
2	10901	80687	2
2	10902	80692	1
2	10907	80728	0
2	10913	80756	1
2	10917	80758	2
2	10923	80806	3
2	10929	80873	4
2	10933	80917	3
2	10938	80917	4
2	10939	80944	3
2	10944	80962	2
2	10950	80963	3
2	10959	81061	4
2	10966	81099	3
2	10972	81135	4
2	10977	81171	3
2	10978	81171	2
2	10986	81190	3
2	10992	81221	4
2	10996	81236	5
2	11001	81394	4
2	11009	81414	5
2	11010	81436	4
2	11013	81453	3
2	11016	81459	2
2	11021	81474	1
2	11027	81505	2
2	11028	81535	1
2	11034	81551	0
2	11039	81551	1
2	11040	81564	0
2	11057	81703	1
2	11060	81730	0
2	11267	83136	1
2	11268	83169	0
2	11294	83261	1
2	11297	83288	0
2	11724	86366	1
3	0	0	0
4	18	43	43
4	27	92	28
4	40	137	137
4	49	194	194
4	55	218	90
4	64	307	307
4	69	351	95
4	75	381	61
4	90	568	184
4	102	643	195
4	135	956	444
4	144	1008	240
4	150	1039	847
4	161	1206	246
4	170	1230	398
4	181	1367	471
4	183	1399	759
4	197	1509	421
4	213	1627	411
4	217	1685	533
4	219	1725	1149
4	234	1842	342
4	243	1898	554
4	252	1943	919
4	261	1997	397
4	272	2130	1426
4	274	2157	877
4	278	2178	770
4	287	2247	583
4	315	2788	1316
4	353	3086	1358
4	360	3112	1256
4	363	3126	950
4	370	3230	1438
4	377	3238	1702
4	379	3242	1194
4	381	3260	1276
4	394	3405	1101
4	396	3410	1042
4	415	3480	480
4	416	3480	1240
4	449	3720	1160
4	460	3871	1439
4	467	3878	1190
4	488	4065	1185
4	495	4073	1961
4	498	4083	1331
4	510	4176	1232
4	512	4176	1104
4	519	4187	1691
4	526	4209	1009
4	531	4241	913
4	542	4266	1642
4	545	4274	2354
4	562	4344	888
4	567	4378	1562
4	572	4423	839
4	575	4429	909
4	577	4456	1064
4	579	4472	1208
4	598	4579	739
4	607	4669	1533
4	616	4719	751
4	620	4742	966
4	622	4754	1106
4	631	4845	941
4	658	5010	510
4	660	5015	1303
4	662	5034	874
4	664	5053	829
4	680	5180	2172
4	701	5288	1000
4	712	5377	961
4	719	5381	1349
4	721	5390	1294
4	730	5493	885
4	734	5523	1171
4	753	5611	875
4	755	5617	817
4	757	5622	1142
4	766	5648	1104
4	775	5713	1041
4	796	5842	850
4	807	5980	1052
4	835	6044	860
4	838	6048	48
4	840	6064	64
4	855	6158	782
4	864	6236	1372
4	867	6243	739
4	870	6248	616
4	874	6281	969
4	883	6338	1090
4	885	6365	1245
4	904	6592	832
4	907	6631	1063
4	916	6682	986
4	923	6701	877
4	941	6852	836
4	945	6957	957
4	949	6998	1942
4	970	7163	955
4	988	7337	1193
4	992	7423	1151
4	1011	7522	1570
4	1028	7609	109
4	1034	7698	1298
4	1041	7718	1830
4	1044	7720	2280
4	1051	7730	1202
4	1062	7836	1372
4	1064	7860	1204
4	1082	8031	1119
4	1091	8093	1309
4	1093	8125	1789
4	1097	8157	2077
4	1101	8202	1610
4	1115	8275	1235
4	1135	8555	1387
4	1139	8585	1609
4	1143	8694	1846
4	1164	8769	1345
4	1186	8989	1885
4	1192	9012	2292
4	1194	9021	1661
4	1200	9108	1812
4	1202	9110	1878
4	1228	9234	1682
4	1230	9248	1568
4	1260	9423	1679
4	1263	9436	1948
4	1268	9494	1558
4	1287	9629	1629
4	1292	9680	680
4	1294	9694	1438
4	1297	9700	2084
4	1299	9708	1836
4	1315	9827	1763
4	1326	9961	1769
4	1330	10012	1500
4	1332	10021	1893
4	1343	10115	2307
4	1359	10295	1719
4	1381	10346	1898
4	1384	10357	1717
4	1389	10376	1608
4	1391	10378	1994
4	1405	10553	1657
4	1415	10635	1931
4	1417	10666	166
4	1426	10724	1700
4	1435	10795	2475
4	1451	10888	1608
4	1460	10949	1989
4	1467	10957	2125
4	1471	11040	1952
4	1473	11051	1899
4	1491	11254	1846
4	1518	11396	1860
4	1525	11434	1962
4	1530	11475	1619
4	1534	11535	1743
4	1538	11600	2256
4	1547	11656	1736
4	1562	11923	2707
4	1566	11994	2330
4	1595	12024	1976
4	1608	12088	2488
4	1613	12102	2118
4	1617	12185	1881
4	1619	12187	2459
4	1621	12214	214
4	1653	12487	2375
4	1655	12512	2080
4	1664	12555	1995
4	1666	12561	2321
4	1681	12673	673
4	1685	12789	2613
4	1704	12858	2234
4	1713	12876	2060
4	1715	12890	2394
4	1731	13045	2293
4	1735	13096	2728
4	1749	13156	2020
4	1758	13222	2150
4	1760	13235	2035
4	1771	13314	2626
4	1775	13430	2486
4	1779	13491	2611
4	1813	13768	268
4	1820	13794	2786
4	1822	13809	2225
4	1831	13852	2460
4	1838	13874	2610
4	1854	13974	2646
4	1863	14039	2199
4	1867	14107	2459
4	1876	14155	2443
4	1883	14196	2292
4	1887	14211	2211
4	1898	14369	2337
4	1916	14547	2387
4	1925	14599	2823
4	1932	14604	3148
4	1948	14734	3214
4	1950	14743	2455
4	1957	14772	2804
4	1959	14781	2429
4	1963	14841	2425
4	1989	15034	2362
4	1993	15071	2463
4	2003	15213	213
4	2022	15260	2780
4	2026	15305	3209
4	2028	15311	2511
4	2042	15389	3165
4	2053	15490	2754
4	2071	15604	2676
4	2076	15617	2625
4	2083	15649	2785
4	2090	15660	2540
4	2097	15677	2429
4	2106	15720	2408
4	2119	15745	2561
4	2122	15752	2312
4	2124	15793	3249
4	2142	15940	2884
4	2144	15942	2438
4	2150	16065	2497
4	2157	16122	2746
4	2180	16299	2475
4	2184	16336	2640
4	2186	16362	2602
4	2200	16414	2270
4	2202	16424	2792
4	2231	16569	69
4	2238	16609	2273
4	2243	16682	2474
4	2245	16684	2284
4	2254	16756	2484
4	2263	16823	2295
4	2279	16942	3054
4	2294	17027	3011
4	2297	17028	3076
4	2299	17064	2280
4	2306	17070	2606
4	2317	17207	2295
4	2339	17376	3296
4	2342	17403	2555
4	2344	17406	2814
4	2353	17420	2380
4	2362	17520	2288
4	2366	17550	2446
4	2373	17579	2923
4	2399	17728	2304
4	2403	17745	2769
4	2405	17771	2603
4	2414	17806	2190
4	2416	17849	3129
4	2418	17853	2365
4	2457	18012	2652
4	2460	18041	2745
4	2473	18199	2455
4	2475	18213	2405
4	2477	18218	2282
4	2510	18434	2882
4	2519	18515	2643
4	2526	18543	2415
4	2535	18579	2579
4	2541	18595	2211
4	2551	18638	2958
4	2554	18684	684
4	2561	18767	2447
4	2576	18901	2837
4	2583	18920	920
4	2587	18984	2408
4	2589	19000	2808
4	2593	19057	2801
4	2597	19091	2643
4	2606	19197	2429
4	2619	19353	2649
4	2643	19440	2480
4	2655	19502	2606
4	2657	19511	2487
4	2681	19619	3107
4	2684	19625	2537
4	2688	19669	2453
4	2695	19694	2350
4	2711	19782	2950
4	2713	19784	2632
4	2715	19798	298
4	2745	20020	2420
4	2750	20037	2629
4	2755	20109	3469
4	2758	20143	2607
4	2773	20271	2543
4	2778	20296	3016
4	2780	20301	2445
4	2784	20354	2882
4	2801	20409	2617
4	2811	20480	2496
4	2816	20547	2371
4	2820	20625	2961
4	2822	20667	2619
4	2838	20758	2758
4	2842	20811	2891
4	2856	20875	2635
4	2880	21042	2674
4	2888	21083	2971
4	2897	21165	165
4	2899	21174	2742
4	2903	21237	2549
4	2921	21400	2776
4	2923	21410	3106
4	2932	21454	2894
4	2934	21478	2662
4	2954	21699	2755
4	2956	21728	2976
4	2965	21771	2891
4	2983	21970	2834
4	2985	21980	2908
4	2994	22059	3051
4	3005	22169	3673
4	3025	22435	3043
4	3041	22604	3276
4	3055	22670	3022
4	3069	22731	3275
4	3071	22748	3228
4	3091	22861	3597
4	3093	22902	3318
4	3102	22955	3179
4	3112	23005	3293
4	3125	23046	546
4	3135	23078	3174
4	3138	23085	3053
4	3141	23096	3000
4	3143	23102	3262
4	3152	23137	2849
4	3161	23223	4023
4	3165	23237	3013
4	3181	23362	3394
4	3188	23396	2852
4	3204	23501	3341
4	3206	23502	2830
4	3215	23594	3178
4	3226	23726	2990
4	3235	23773	3421
4	3237	23804	3196
4	3241	23825	2961
4	3273	24121	3193
4	3277	24149	3669
4	3304	24351	3231
4	3317	24398	3406
4	3320	24440	3256
4	3337	24492	492
4	3339	24497	497
4	3342	24504	3256
4	3353	24607	3039
4	3358	24654	3150
4	3381	24792	3160
4	3392	24816	3504
4	3399	24957	3197
4	3404	24996	3556
4	3407	25008	3952
4	3412	25025	3201
4	3419	25079	4279
4	3427	25225	3529
4	3429	25275	3259
4	3438	25322	3946
4	3447	25390	3182
4	3456	25418	3466
4	3468	25530	3258
4	3485	25685	185
4	3487	25715	3379
4	3498	25836	3692
4	3507	25861	3781
4	3509	25871	3471
4	3529	26114	4226
4	3531	26166	3638
4	3554	26337	3617
4	3558	26427	3579
4	3576	26585	3929
4	3608	26846	4382
4	3621	26884	3780
4	3624	26939	3771
4	3629	26947	4355
4	3632	26973	4189
4	3640	27052	4012
4	3644	27100	3740
4	3646	27104	4192
4	3652	27223	4247
4	3667	27385	385
4	3683	27516	3900
4	3687	27534	4110
4	3698	27652	3972
4	3700	27705	4153
4	3726	27797	4053
4	3730	27857	3985
4	3739	27952	4464
4	3751	27986	4754
4	3759	28120	4824
4	3777	28331	4395
4	3787	28411	4411
4	3795	28431	4175
4	3802	28452	4388
4	3814	28517	4389
4	3820	28532	32
4	3833	28679	4871
4	3837	28743	4423
4	3846	28857	4345
4	3862	28977	4977
4	3866	29013	4629
4	3875	29117	4413
4	3886	29203	4563
4	3888	29232	5040
4	3909	29351	4519
4	3918	29423	4975
4	3930	29440	4864
4	3944	29511	4295
4	3950	29540	4516
4	3956	29588	4244
4	3965	29679	4911
4	3970	29702	4422
4	3972	29715	4563
4	3994	29899	4427
4	3997	29948	4412
4	4000	29952	4544
4	4003	29991	5095
4	4026	30109	4381
4	4046	30228	4564
4	4048	30241	241
4	4050	30252	5164
4	4059	30288	4688
4	4063	30378	378
4	4084	30503	4519
4	4088	30534	5574
4	4097	30639	4527
4	4101	30666	4618
4	4124	30881	5089
4	4126	30884	4516
4	4135	30958	4718
4	4143	31167	4991
4	4159	31267	5347
4	4161	31291	4795
4	4184	31478	4854
4	4186	31486	5054
4	4219	31649	5089
4	4222	31655	5351
4	4235	31695	4815
4	4238	31710	210
4	4240	31713	4705
4	4247	31733	5045
4	4254	31840	5024
4	4256	31867	4795
4	4260	31880	5128
4	4262	31921	4977
4	4273	32022	4822
4	4297	32256	5120
4	4300	32258	4866
4	4313	32465	6609
4	4345	32731	5147
4	4365	32880	5168
4	4370	32905	5577
4	4380	33033	5257
4	4393	33093	93
4	4395	33127	5607
4	4400	33173	5205
4	4403	33181	5341
4	4410	33211	5051
4	4425	33307	5403
4	4430	33407	5311
4	4439	33439	6175
4	4443	33532	5244
4	4454	33638	5990
4	4463	33696	5664
4	4465	33716	5492
4	4467	33718	6262
4	4478	33797	5317
4	4495	33872	5520
4	4499	33879	5335
4	4501	33913	5177
4	4524	34110	5182
4	4528	34171	5563
4	4539	34245	5445
4	4553	34361	5241
4	4562	34376	5320
4	4571	34460	6044
4	4573	34486	5814
4	4598	34673	5681
4	4602	34700	5836
4	4609	34729	229
4	4639	34910	5342
4	4642	34926	5742
4	4669	35160	5720
4	4674	35214	5582
4	4677	35234	5474
4	4685	35262	5262
4	4689	35272	5896
4	4692	35305	6057
4	4713	35476	5780
4	4716	35479	5975
4	4723	35498	5610
4	4728	35556	5348
4	4737	35590	5638
4	4746	35649	5825
4	4749	35654	5382
4	4751	35681	5345
4	4760	35741	5277
4	4784	35976	5960
4	4794	36019	5427
4	4807	36040	6728
4	4824	36111	111
4	4827	36150	6006
4	4830	36153	5305
4	4833	36156	5756
4	4848	36245	245
4	4868	36439	5783
4	4871	36450	5474
4	4874	36476	5436
4	4879	36481	5569
4	4881	36508	6428
4	4883	36514	5730
4	4885	36524	5996
4	4896	36614	5382
4	4954	37017	5529
4	4967	37231	6063
4	4970	37235	6515
4	4989	37348	5924
4	4996	37356	5740
4	4999	37374	6014
4	5008	37429	6133
4	5017	37461	5909
4	5039	37604	5796
4	5042	37627	6523
4	5047	37642	5770
4	5050	37670	5542
4	5059	37699	6019
4	5062	37750	6006
4	5071	37767	5831
4	5078	37788	5532
4	5095	37827	5827
4	5126	37989	5605
4	5129	37992	5480
4	5132	38002	5810
4	5141	38070	6006
4	5146	38140	5692
4	5151	38148	5444
4	5162	38184	5608
4	5179	38217	5385
4	5182	38248	5352
4	5187	38282	5194
4	5190	38294	5334
4	5193	38295	5527
4	5202	38365	5213
4	5205	38387	5747
4	5210	38453	5045
4	5217	38457	6137
4	5220	38458	5114
4	5233	38481	4945
4	5242	38545	5521
4	5245	38564	4900
4	5248	38567	4967
4	5251	38574	4782
4	5255	38599	4871
4	5262	38640	5360
4	5264	38641	5425
4	5283	38710	1210
4	5287	38757	4709
4	5302	38872	5016
4	5307	38922	5450
4	5311	38981	4997
4	5320	39009	5089
4	5329	39064	4952
4	5343	39121	4945
4	5345	39131	4699
4	5347	39133	4765
4	5365	39308	308
4	5376	39437	4813
4	5385	39548	4860
4	5399	39568	5328
4	5412	39678	5182
4	5417	39712	5152
4	5426	39765	5013
4	5443	39978	5162
4	5446	39991	5111
4	5448	39999	4927
4	5457	40048	4848
4	5461	40100	4836
4	5470	40140	5004
4	5472	40167	4839
4	5485	40355	6051
4	5516	40538	5530
4	5518	40544	5600
4	5520	40557	5101
4	5524	40633	5241
4	5532	40645	145
4	5558	40807	5095
4	5562	40850	5202
4	5580	41038	5518
4	5582	41041	5265
4	5584	41050	5082
4	5593	41138	5554
4	5616	41202	4978
4	5625	41257	5097
4	5636	41268	5236
4	5646	41316	5476
4	5661	41435	5435
4	5663	41437	4957
4	5672	41505	5409
4	5675	41522	5234
4	5678	41529	4985
4	5680	41533	4861
4	5684	41537	5121
4	5693	41636	4900
4	5724	41943	5143
4	5727	41955	5027
4	5729	41974	5622
4	5760	42064	4880
4	5767	42087	5223
4	5772	42163	6259
4	5775	42167	5111
4	5792	42311	311
4	5795	42327	5207
4	5797	42336	5728
4	5817	42440	4872
4	5824	42480	5488
4	5827	42486	5238
4	5833	42564	5060
4	5835	42601	5225
4	5843	42676	676
4	5854	42764	5068
4	5874	43042	5730
4	5878	43072	5440
4	5882	43175	5415
4	5895	43391	5503
4	5919	43514	5562
4	5941	43674	5658
4	5944	43685	5541
4	5948	43723	5643
4	5955	43767	5367
4	5964	43803	5467
4	5970	43811	311
4	5977	43826	6002
4	5979	43831	5623
4	5981	43833	5369
4	6011	44054	5270
4	6020	44149	5877
4	6024	44164	5444
4	6026	44169	5641
4	6028	44178	6738
4	6039	44326	5734
4	6063	44680	5704
4	6084	44825	5913
4	6093	44882	5714
4	6111	45013	5717
4	6120	45068	6412
4	6122	45078	78
4	6126	45139	6035
4	6128	45180	5756
4	6139	45266	6418
4	6146	45297	5745
4	6150	45319	5831
4	6164	45386	6346
4	6166	45422	5806
4	6196	45673	5929
4	6200	45729	6049
4	6204	45797	6565
4	6206	45823	6015
4	6231	46056	5992
4	6235	46108	6236
4	6254	46336	6208
4	6262	46379	6123
4	6271	46431	6431
4	6273	46445	6061
4	6286	46528	7168
4	6301	46639	6127
4	6315	46687	6047
4	6317	46698	6122
4	6319	46699	5995
4	6335	46788	6852
4	6353	46898	6578
4	6358	46918	6470
4	6360	46925	6093
4	6373	46993	493
4	6375	47003	6043
4	6377	47025	6129
4	6397	47260	6236
4	6406	47316	6100
4	6410	47367	6215
4	6424	47471	6703
4	6440	47564	6092
4	6442	47571	7379
4	6444	47591	6503
4	6453	47633	6225
4	6467	47717	6181
4	6476	47746	6146
4	6478	47747	6019
4	6481	47758	6478
4	6509	48070	6214
4	6530	48198	6854
4	6537	48217	6553
4	6539	48221	6429
4	6541	48227	6179
4	6548	48240	240
4	6552	48258	6274
4	6566	48371	6371
4	6581	48457	457
4	6588	48492	6316
4	6595	48507	6395
4	6604	48531	6291
4	6613	48595	6227
4	6627	48671	6239
4	6629	48679	6759
4	6633	48709	6213
4	6642	48790	6166
4	6661	48849	6097
4	6670	48901	6213
4	6672	48909	6093
4	6674	48935	6631
4	6683	48971	6091
4	6704	49129	6121
4	6706	49140	6196
4	6719	49295	6095
4	6728	49372	6812
4	6746	49456	6128
4	6749	49471	6335
4	6761	49512	6120
4	6765	49552	6288
4	6773	49603	6531
4	6783	49624	5976
4	6787	49626	126
4	6791	49714	6194
4	6802	49805	6093
4	6804	49840	6256
4	6815	49944	6168
4	6831	50062	6606
4	6849	50294	6326
4	6863	50331	6491
4	6872	50370	6338
4	6901	50579	6227
4	6908	50602	6698
4	6923	50739	6643
4	6930	50829	6541
4	6933	50874	6458
4	6938	50916	6308
4	6954	51002	6522
4	6959	51015	6855
4	6964	51076	6852
4	6967	51091	6163
4	6969	51129	6393
4	6972	51136	6336
4	6979	51160	160
4	6981	51196	6652
4	6992	51274	6282
4	7008	51434	6314
4	7019	51545	6297
4	7028	51618	6754
4	7032	51699	6643
4	7072	52131	6691
4	7077	52173	6669
4	7081	52249	6937
4	7090	52291	7619
4	7097	52301	6733
4	7101	52372	6740
4	7117	52484	7300
4	7129	52582	6886
4	7133	52616	6664
4	7142	52706	7330
4	7153	52826	6938
4	7159	52840	340
4	7175	52928	7168
4	7184	53001	7177
4	7186	53024	7008
4	7199	53245	7037
4	7215	53360	7216
4	7219	53382	7302
4	7233	53481	7145
4	7237	53532	7068
4	7248	53637	7365
4	7250	53665	7137
4	7274	53715	7123
4	7287	53802	7082
4	7292	53829	7045
4	7294	53830	7174
4	7303	53901	7053
4	7323	54000	7024
4	7337	54037	6997
4	7344	54049	6945
4	7357	54117	117
4	7360	54124	6700
4	7375	54222	6990
4	7378	54226	7826
4	7385	54261	7349
4	7388	54267	6907
4	7392	54289	6737
4	7394	54304	7136
4	7398	54343	6855
4	7433	54535	535
4	7436	54547	6931
4	7441	54593	6721
4	7450	54667	6859
4	7463	54851	6787
4	7466	54855	7175
4	7467	54855	7559
4	7471	54917	7173
4	7493	55259	7067
4	7497	55344	7344
4	7527	55639	7639
4	7533	55673	7289
4	7537	55691	191
4	7554	55740	7612
4	7563	55788	7852
4	7576	55850	7274
4	7595	55981	7469
4	7600	56003	7555
4	7607	56049	7793
4	7616	56077	7757
4	7619	56105	7401
4	7638	56203	7115
4	7641	56210	7314
4	7652	56252	7036
4	7657	56268	7628
4	7660	56292	7268
4	7665	56357	7013
4	7667	56373	7541
4	7674	56377	7417
4	7678	56434	6962
4	7689	56516	7748
4	7703	56639	7231
4	7712	56675	7523
4	7714	56693	7093
4	7747	56897	7233
4	7754	56937	7401
4	7757	56948	7092
4	7771	57025	7233
4	7778	57052	7772
4	7797	57153	7233
4	7800	57172	6932
4	7807	57195	7083
4	7812	57259	6827
4	7815	57270	7094
4	7824	57339	7355
4	7828	57370	7066
4	7830	57393	7345
4	7844	57468	7740
4	7853	57530	6906
4	7859	57658	7162
4	7868	57723	7163
4	7886	57884	7132
4	7888	57899	7531
4	7913	58022	7014
4	7918	58061	6989
4	7922	58122	7306
4	7924	58136	7256
4	7945	58250	7562
4	7980	58385	1385
4	7982	58428	7036
4	7987	58447	7247
4	7990	58471	7207
4	7998	58517	6869
4	8005	58539	39
4	8019	58640	7184
4	8022	58666	7338
4	8025	58681	6905
4	8030	58693	7749
4	8043	58810	7226
4	8048	58832	6992
4	8061	58920	7208
4	8068	59017	6921
4	8070	59023	7055
4	8072	59058	7922
4	8086	59108	7076
4	8100	59184	7664
4	8111	59308	7148
4	8124	59469	7565
4	8126	59489	7201
4	8146	59757	7341
4	8155	59797	7445
4	8168	59888	7216
4	8179	59987	7187
4	8195	60063	7839
4	8208	60126	7518
4	8211	60147	147
4	8215	60171	7627
4	8219	60278	7798
4	8223	60344	344
4	8227	60354	7426
4	8253	60482	7490
4	8266	60550	7814
4	8269	60561	7441
4	8271	60606	7550
4	8280	60640	7200
4	8286	60743	7879
4	8293	60774	7398
4	8304	60873	7689
4	8320	61092	7588
4	8326	61146	7834
4	8333	61168	7600
4	8349	61250	7618
4	8352	61312	7488
4	8369	61448	7752
4	8381	61519	7567
4	8388	61549	7789
4	8402	61592	7576
4	8417	61715	7507
4	8430	61787	7643
4	8433	61798	298
4	8435	61811	7731
4	8437	61815	7479
4	8457	61945	7545
4	8462	61992	8104
4	8464	61999	7727
4	8473	62063	7599
4	8480	62068	8068
4	8492	62077	8829
4	8496	62083	7363
4	8514	62274	7618
4	8516	62300	7708
4	8525	62346	7434
4	8536	62487	7703
4	8552	62627	7779
4	8556	62685	8157
4	8560	62730	7690
4	8587	62931	7827
4	8590	62934	7446
4	8630	63159	7927
4	8635	63209	7657
4	8638	63212	212
4	8652	63341	8365
4	8657	63363	8067
4	8660	63385	8217
4	8663	63407	8047
4	8674	63537	7665
4	8683	63581	7901
4	8692	63617	8193
4	8695	63672	7672
4	8702	63783	7847
4	8704	63785	7657
4	8710	63931	7867
4	8716	64003	8387
4	8725	64125	8317
4	8753	64281	8089
4	8760	64306	8050
4	8771	64427	8683
4	8784	64450	8066
4	8787	64474	8026
4	8807	64701	8381
4	8812	64709	8133
4	8814	64712	8008
4	8823	64814	8302
4	8837	64848	8080
4	8862	65048	8088
4	8877	65163	8139
4	8880	65192	7976
4	8893	65225	8585
4	8896	65229	8333
4	8899	65235	7891
4	8906	65247	747
4	8908	65248	7968
4	8917	65289	7689
4	8920	65294	8462
4	8927	65316	8164
4	8931	65357	7821
4	8935	65471	7807
4	8958	65636	7716
4	8965	65658	8186
4	8969	65696	7904
4	8971	65699	8291
4	8975	65733	8005
4	9012	66041	8057
4	9014	66043	7803
4	9028	66086	7974
4	9032	66123	7947
4	9044	66155	9067
4	9048	66189	7821
4	9050	66208	8352
4	9054	66266	8218
4	9076	66445	445
4	9085	66504	504
4	9087	66542	8238
4	9101	66590	8158
4	9103	66612	8116
4	9128	66826	7882
4	9130	66837	8277
4	9139	66897	8209
4	9159	67044	8036
4	9180	67207	8391
4	9183	67222	8598
4	9200	67271	8007
4	9207	67298	8546
4	9216	67362	8034
4	9225	67417	8281
4	9233	67468	8396
4	9240	67507	8115
4	9245	67535	8335
4	9258	67633	7921
4	9267	67665	165
4	9278	67787	8139
4	9281	67818	8298
4	9284	67838	7838
4	9288	67880	7976
4	9292	67946	8106
4	9303	68047	8079
4	9309	68162	8706
4	9338	68346	9466
4	9343	68381	8349
4	9346	68412	8252
4	9350	68426	8138
4	9357	68457	8361
4	9366	68523	8939
4	9370	68588	8812
4	9374	68620	8396
4	9397	68856	8440
4	9406	68867	8515
4	9413	68906	8106
4	9436	69131	8267
4	9438	69148	8476
4	9440	69150	8606
4	9456	69182	8446
4	9460	69213	213
4	9464	69271	8279
4	9480	69379	8323
4	9489	69446	8838
4	9496	69469	8541
4	9498	69499	8379
4	9514	69584	8400
4	9521	69593	8281
4	9523	69626	8186
4	9552	69864	9384
4	9557	69913	8537
4	9566	70004	8244
4	9568	70006	8182
4	9572	70028	8332
4	9589	70049	8033
4	9591	70069	8501
4	9600	70114	8866
4	9602	70132	8500
4	9606	70168	8280
4	9631	70444	8236
4	9633	70450	8498
4	9642	70476	8332
4	9655	70764	8428
4	9675	70888	8488
4	9677	70904	8824
4	9679	70906	406
4	9692	71047	8519
4	9711	71135	8479
4	9737	71354	8634
4	9742	71400	9896
4	9745	71418	8634
4	9747	71419	9147
4	9751	71474	9010
4	9765	71525	8933
4	9767	71533	8621
4	9800	71644	8348
4	9803	71651	8483
4	9808	71703	8727
4	9817	71760	8720
4	9822	71854	8750
4	9831	71926	8310
4	9835	71957	9109
4	9846	72062	8702
4	9852	72152	8920
4	9871	72193	8641
4	9875	72260	8516
4	9877	72263	263
4	9884	72318	8510
4	9906	72604	9116
4	9919	72652	652
4	9925	72779	8907
4	9934	72856	8792
4	9948	72932	8740
4	9962	73002	9002
4	9964	73022	9342
4	9968	73040	8912
4	9984	73154	8898
4	9986	73199	9263
4	9992	73295	9871
4	9999	73337	8889
4	10021	73594	94
4	10030	73663	9023
4	10043	73795	9283
4	10059	73924	9348
4	10077	74043	9339
4	10082	74065	9169
4	10084	74076	9692
4	10088	74114	9794
4	10090	74117	9349
4	10123	74665	9641
4	10132	74750	9534
4	10136	74783	9503
4	10150	74864	9520
4	10164	74888	9416
4	10166	74894	9806
4	10175	74974	10142
4	10215	75122	9586
4	10220	75140	9732
4	10223	75147	9147
4	10231	75205	9605
4	10234	75228	10076
4	10239	75289	289
4	10242	75299	9571
4	10243	75299	9315
4	10252	75365	9509
4	10254	75390	9598
4	10258	75412	10452
4	10274	75529	9609
4	10281	75567	9455
4	10306	75691	9323
4	10311	75748	9444
4	10315	75805	9757
4	10319	75888	9648
4	10339	76157	9661
4	10350	76250	9690
4	10352	76275	10611
4	10366	76316	9564
4	10377	76417	9729
4	10406	76618	9738
4	10413	76656	10480
4	10422	76683	9739
4	10429	76717	9709
4	10434	76739	9923
4	10436	76782	282
4	10440	76825	9689
4	10460	76967	10343
4	10468	76992	9664
4	10472	77026	9954
4	10476	77074	9810
4	10487	77231	9647
4	10498	77314	10882
4	10500	77365	9909
4	10516	77478	9958
4	10520	77567	10367
4	10524	77579	10187
4	10535	77706	10058
4	10556	77845	10069
4	10565	77912	10200
4	10569	77995	10027
4	10583	78009	10105
4	10587	78026	10186
4	10596	78143	9919
4	10615	78371	371
4	10617	78382	382
4	10653	78716	10556
4	10658	78754	10402
4	10667	78790	10502
4	10676	78881	10785
4	10683	78906	10298
4	10692	78975	10559
4	10721	79121	10449
4	10724	79154	10354
4	10737	79328	11296
4	10740	79329	10785
4	10749	79363	10243
4	10754	79442	10962
4	10776	79606	10678
4	10785	79652	10596
4	10788	79677	10493
4	10795	79755	11019
4	10797	79758	10446
4	10799	79763	263
4	10806	79794	10546
4	10817	79897	11033
4	10819	79901	10525
4	10825	80021	11029
4	10854	80441	10681
4	10864	80489	10921
4	10872	80545	10657
4	10892	80663	11159
4	10903	80692	10740
4	10908	80728	10904
4	10936	80917	10901
4	10940	80944	10672
4	10945	80962	10882
4	10967	81099	11467
4	10976	81168	168
4	10979	81171	11027
4	10981	81171	10963
4	11002	81394	10994
4	11011	81436	10908
4	11014	81453	10733
4	11017	81459	10675
4	11022	81474	10882
4	11029	81535	11839
4	11037	81551	11215
4	11041	81564	10908
4	11044	81574	12134
4	11061	81730	11266
4	11064	81734	10886
4	11066	81743	10703
4	11068	81755	10843
4	11082	81809	10641
4	11089	81844	10740
4	11091	81849	10553
4	11102	81944	10584
4	11106	82014	10782
4	11115	82053	10565
4	11124	82133	10517
4	11151	82437	10693
4	11172	82628	11204
4	11174	82644	10964
4	11181	82672	10672
4	11183	82675	10803
4	11197	82720	11168
4	11204	82733	10797
4	11220	82871	10807
4	11224	82942	10686
4	11235	83048	11240
4	11237	83061	10869
4	11239	83062	12086
4	11269	83169	10849
4	11272	83188	10804
4	11274	83195	10747
4	11298	83288	10584
4	11301	83293	10525
4	11303	83316	11188
4	11312	83386	886
4	11316	83422	10846
4	11318	83438	10542
4	11322	83498	10986
4	11333	83609	10777
4	11347	83668	11028
4	11356	83744	11744
4	11365	83835	10683
4	11369	83847	10887
4	11404	84063	10847
4	11406	84072	10728
4	11408	84080	11056
4	11422	84150	10742
4	11431	84204	204
4	11440	84266	10730
4	11454	84350	11070
4	11458	84360	10760
4	11464	84380	380
4	11477	84567	11479
4	11479	84591	10927
4	11483	84663	10807
4	11497	84725	10997
4	11517	84949	11477
4	11528	85079	11031
4	11537	85125	11141
4	11539	85127	11015
4	11546	85176	11000
4	11560	85208	10968
4	11569	85269	11477
4	11573	85332	10900
4	11575	85346	11426
4	11584	85410	11042
4	11614	85630	130
4	11618	85646	11086
4	11627	85710	11406
4	11631	85819	11323
4	11647	85888	11072
4	11656	86015	11327
4	11660	86032	11408
4	11662	86061	11053
4	11676	86130	11250
4	11687	86233	11481
4	11706	86320	10928
4	11715	86343	11143

