version 3
run General-6-20240513-00:16:49-20028
attr configname General
attr datetime 20240513-00:16:49
attr datetimef 20240513-001649
attr experiment General
attr inifile omnetpp.ini
attr iterationvars ""
attr iterationvarsd ""
attr iterationvarsf ""
attr measurement ""
attr network AirportControl
attr processid 20028
attr repetition 6
attr replication #6
attr resultdir results
attr runnumber 6
attr seedset 6
config network AirportControl
config repeat 10
config simtime-resolution s
config sim-time-limit 1440min
config **.PrioT_PCT.jobType 0
config **.PrioT_PCF.jobType 1
config **.PrioF_PCT.jobType 2
config **.PrioF_PCF.jobType 3
config **.PrioT_PCT.probArrival 0.04
config **.PrioT_PCF.probArrival 0.01
config **.PrioF_PCT.probArrival 0.01
config **.PrioF_PCF.probArrival 0.94
config **.PrioT_PCT.interarrivalRateRush 0.4min
config **.PrioT_PCF.interarrivalRateRush 0.4min
config **.PrioF_PCT.interarrivalRateRush 0.4min
config **.PrioF_PCF.interarrivalRateRush 0.4min
config **.PrioF_PCF.interarrivalRateNormal 1min
config **.PrioT_PCT.interarrivalRateNormal 1min
config **.PrioF_PCT.interarrivalRateNormal 1min
config **.PrioT_PCF.interarrivalRateNormal 1min
config **.PrioF_PCF.numberOfPeaks 4
config **.PrioF_PCT.numberOfPeaks 4
config **.PrioT_PCF.numberOfPeaks 4
config **.PrioT_PCT.numberOfPeaks 4
config **.PrioF_PCF.durationOfPeaks 150min
config **.PrioF_PCT.durationOfPeaks 150min
config **.PrioT_PCF.durationOfPeaks 150min
config **.PrioT_PCT.durationOfPeaks 150min
config **.PrioT_Server.serviceTime exponential(3min)
config **.PrioF_Server3.serviceTime exponential(5min)
config **.PrioF_Server2.serviceTime exponential(5min)
config **.PrioF_Server1.serviceTime exponential(5min)
config **.PrioF_Server0.serviceTime exponential(5min)
config **.NoPC_Server0.serviceTime exponential(3min)
config **.NoPC_Server3.serviceTime exponential(3min)
config **.NoPC_Server2.serviceTime exponential(3min)
config **.NoPC_Server1.serviceTime exponential(3min)
config **.PC_Server0.serviceTime exponential(1min)
config **.PC_Server1.serviceTime exponential(1min)

vector 0 AirportControl.PrioF_PQ queueLength:vector ETV
attr interpolationmode sample-hold
attr recordingmode vector
attr title "queue length"
vector 1 AirportControl.PrioT_PQ queueLength:vector ETV
attr interpolationmode sample-hold
attr recordingmode vector
attr title "queue length"
vector 2 AirportControl.NoPC_PQ queueLength:vector ETV
attr interpolationmode sample-hold
attr recordingmode vector
attr title "queue length"
vector 3 AirportControl.PC_PQ queueLength:vector ETV
attr interpolationmode sample-hold
attr recordingmode vector
attr title "queue length"
vector 4 AirportControl.sink lifeTime:vector ETV
attr interpolationmode none
attr recordingmode vector
attr title "lifetime of arrived jobs"
attr unit s
0	0	0	0
0	73	512	1
0	74	527	0
0	89	640	1
0	90	665	0
0	98	704	1
0	102	768	2
0	103	819	1
0	109	832	2
0	114	884	1
0	122	896	2
0	124	960	3
0	127	998	2
0	133	1024	3
0	134	1038	2
0	139	1064	1
0	145	1088	2
0	146	1143	1
0	152	1152	2
0	156	1216	3
0	160	1280	4
0	161	1303	3
0	166	1309	2
0	172	1344	3
0	176	1408	4
0	180	1472	5
0	191	1536	6
0	194	1578	5
0	202	1600	6
0	206	1664	7
0	208	1728	8
0	210	1792	9
0	211	1830	8
0	217	1856	9
0	221	1920	10
0	222	1930	9
0	227	1958	8
0	233	1984	9
0	235	2048	10
0	241	2112	11
0	243	2176	12
0	245	2240	13
0	247	2304	14
0	248	2316	13
0	253	2328	12
0	258	2330	11
0	266	2368	10
0	267	2368	11
0	276	2426	10
0	282	2432	11
0	286	2496	12
0	287	2499	11
0	292	2523	10
0	297	2550	9
0	303	2560	10
0	307	2624	11
0	308	2639	10
0	316	2688	11
0	320	2752	12
0	322	2816	13
0	325	2878	12
0	331	2880	13
0	335	2944	14
0	336	2973	13
0	345	3008	14
0	347	3072	15
0	351	3136	16
0	352	3152	15
0	358	3200	16
0	364	3264	17
0	365	3279	16
0	371	3328	17
0	374	3352	16
0	380	3392	17
0	384	3456	18
0	385	3462	17
0	395	3520	18
0	399	3584	19
0	401	3648	20
0	405	3712	21
0	407	3776	22
0	408	3793	21
0	413	3796	20
0	419	3840	21
0	420	3872	20
0	426	3904	21
0	429	3952	20
0	437	3968	21
0	441	4032	22
0	442	4068	21
0	448	4096	22
0	449	4132	21
0	455	4160	22
0	456	4179	21
0	463	4205	20
0	468	4208	19
0	476	4224	20
0	478	4288	21
0	482	4352	22
0	483	4357	21
0	491	4416	22
0	497	4480	23
0	501	4503	22
0	509	4544	23
0	519	4608	24
0	520	4650	23
0	526	4672	24
0	527	4731	23
0	533	4736	24
0	534	4791	23
0	540	4800	24
0	541	4841	23
0	548	4853	22
0	554	4864	23
0	557	4904	22
0	563	4928	23
0	568	4974	22
0	574	4992	23
0	580	5056	24
0	584	5120	25
0	586	5184	26
0	587	5189	25
0	592	5236	24
0	598	5248	25
0	599	5260	24
0	607	5312	25
0	609	5376	26
0	613	5440	27
0	614	5462	26
0	620	5504	27
0	621	5522	26
0	627	5568	27
0	633	5632	28
0	637	5696	29
0	639	5760	30
0	640	5804	29
0	645	5811	28
0	651	5824	29
0	652	5839	28
0	660	5888	29
0	662	5952	30
0	663	5966	29
0	668	5998	28
0	677	6000	29
0	681	6016	30
0	687	6080	31
0	698	6144	32
0	702	6208	33
0	703	6245	32
0	708	6263	31
0	713	6272	32
0	714	6327	31
0	722	6336	32
0	730	6343	31
0	735	6362	30
0	741	6400	31
0	742	6410	30
0	746	6428	29
0	754	6464	30
0	758	6490	29
0	762	6499	28
0	769	6527	27
0	774	6528	28
0	784	6592	29
0	785	6650	28
0	791	6656	29
0	797	6720	30
0	798	6754	29
0	803	6775	28
0	809	6784	29
0	812	6803	28
0	819	6824	27
0	827	6848	28
0	835	6912	29
0	836	6928	28
0	842	6976	29
0	843	6991	28
0	849	7040	29
0	853	7104	30
0	856	7148	29
0	862	7168	30
0	864	7232	31
0	867	7269	30
0	875	7296	31
0	876	7306	30
0	882	7360	31
0	883	7413	30
0	889	7424	31
0	890	7482	30
0	895	7486	29
0	901	7488	30
0	902	7497	29
0	913	7552	30
0	916	7606	29
0	921	7611	28
0	926	7616	29
0	927	7678	28
0	932	7680	29
0	933	7684	28
0	941	7744	29
0	952	7778	28
0	957	7801	27
0	963	7808	28
0	975	7872	29
0	976	7915	28
0	981	7936	27
0	985	7936	28
0	989	8000	29
0	990	8029	28
0	995	8064	29
0	1002	8128	30
0	1003	8141	29
0	1010	8163	28
0	1016	8192	29
0	1017	8200	28
0	1022	8256	29
0	1028	8279	28
0	1033	8292	27
0	1038	8320	28
0	1047	8384	29
0	1049	8448	30
0	1050	8477	29
0	1055	8481	28
0	1061	8512	29
0	1064	8539	28
0	1072	8576	29
0	1073	8622	28
0	1079	8640	29
0	1085	8704	30
0	1089	8768	31
0	1090	8808	30
0	1096	8832	31
0	1098	8896	32
0	1100	8960	33
0	1104	9002	32
0	1115	9014	31
0	1120	9018	30
0	1126	9024	31
0	1127	9038	30
0	1139	9088	31
0	1140	9102	30
0	1145	9138	29
0	1150	9152	30
0	1151	9157	29
0	1159	9216	30
0	1160	9257	29
0	1164	9258	28
0	1169	9280	29
0	1170	9289	28
0	1177	9317	27
0	1181	9331	26
0	1188	9343	25
0	1193	9344	26
0	1198	9408	27
0	1199	9419	26
0	1212	9457	25
0	1219	9459	24
0	1224	9472	25
0	1226	9536	26
0	1227	9554	25
0	1231	9567	24
0	1236	9600	25
0	1237	9620	24
0	1241	9627	23
0	1245	9644	22
0	1249	9648	21
0	1253	9653	20
0	1254	9653	19
0	1265	9664	20
0	1267	9728	21
0	1269	9792	22
0	1270	9807	21
0	1278	9856	22
0	1285	9892	21
0	1293	9920	22
0	1294	9980	21
0	1302	9984	22
0	1313	10048	23
0	1314	10101	22
0	1319	10112	23
0	1323	10132	22
0	1327	10172	21
0	1332	10176	22
0	1340	10240	23
0	1350	10303	22
0	1355	10304	23
0	1357	10368	24
0	1361	10412	23
0	1369	10432	24
0	1371	10496	25
0	1375	10553	24
0	1380	10560	25
0	1381	10568	24
0	1385	10592	23
0	1396	10624	24
0	1400	10681	23
0	1405	10688	24
0	1407	10752	25
0	1408	10755	24
0	1416	10816	25
0	1420	10841	24
0	1428	10880	25
0	1429	10902	24
0	1439	10934	23
0	1444	10944	24
0	1454	11008	25
0	1455	11046	24
0	1463	11072	25
0	1464	11080	24
0	1479	11136	25
0	1482	11200	26
0	1484	11264	27
0	1485	11265	26
0	1491	11328	27
0	1492	11358	26
0	1499	11370	25
0	1505	11392	26
0	1506	11404	25
0	1516	11456	26
0	1517	11489	25
0	1523	11520	26
0	1529	11584	27
0	1530	11612	26
0	1535	11621	25
0	1540	11627	24
0	1548	11648	25
0	1551	11703	24
0	1557	11712	25
0	1558	11719	24
0	1570	11776	25
0	1574	11840	26
0	1576	11904	27
0	1578	11968	28
0	1583	12000	29
0	1587	12032	30
0	1588	12039	29
0	1603	12096	30
0	1604	12142	29
0	1609	12144	28
0	1615	12160	29
0	1627	12224	30
0	1628	12270	29
0	1633	12278	28
0	1639	12288	29
0	1641	12352	30
0	1642	12365	29
0	1648	12416	30
0	1652	12480	31
0	1657	12508	30
0	1663	12544	31
0	1664	12587	30
0	1672	12608	31
0	1678	12672	32
0	1679	12704	31
0	1684	12717	30
0	1690	12736	31
0	1693	12786	30
0	1699	12800	31
0	1701	12864	32
0	1702	12869	31
0	1707	12875	30
0	1718	12924	29
0	1724	12928	30
0	1726	12992	31
0	1727	13019	30
0	1732	13023	29
0	1739	13054	28
0	1745	13056	29
0	1751	13120	30
0	1755	13184	31
0	1756	13208	30
0	1761	13217	29
0	1768	13247	28
0	1774	13248	29
0	1775	13287	28
0	1781	13312	29
0	1783	13376	30
0	1786	13411	29
0	1792	13440	30
0	1793	13447	29
0	1797	13457	28
0	1807	13469	27
0	1811	13471	26
0	1821	13488	25
0	1829	13504	26
0	1830	13513	25
0	1834	13520	24
0	1839	13568	25
0	1844	13632	26
0	1845	13636	25
0	1850	13657	24
0	1858	13696	25
0	1865	13760	26
0	1870	13798	25
0	1874	13805	24
0	1879	13824	25
0	1882	13855	24
0	1886	13864	23
0	1890	13880	22
0	1895	13888	23
0	1896	13890	22
0	1907	13952	23
0	1911	13991	22
0	1916	14016	23
0	1926	14060	22
0	1931	14080	23
0	1933	14144	24
0	1941	14208	25
0	1942	14244	24
0	1946	14253	23
0	1950	14271	22
0	1955	14272	23
0	1971	14336	24
0	1973	14400	25
0	1977	14464	26
0	1978	14482	25
0	1988	14528	26
0	1990	14592	27
0	1991	14607	26
0	1996	14620	25
0	2002	14656	26
0	2008	14720	27
0	2010	14784	28
0	2011	14786	27
0	2016	14800	26
0	2028	14848	27
0	2029	14905	26
0	2035	14912	27
0	2036	14963	26
0	2041	14968	25
0	2047	14976	26
0	2051	15002	25
0	2059	15040	26
0	2067	15104	27
0	2070	15112	26
0	2078	15168	27
0	2082	15232	28
0	2083	15249	27
0	2088	15294	26
0	2094	15296	27
0	2095	15299	26
0	2101	15360	27
0	2102	15365	26
0	2107	15424	27
0	2112	15488	28
0	2115	15519	27
0	2125	15552	28
0	2126	15564	27
0	2136	15616	28
0	2138	15680	29
0	2141	15732	28
0	2147	15744	29
0	2148	15761	28
0	2154	15808	29
0	2155	15848	28
0	2161	15872	29
0	2165	15936	30
0	2169	16000	31
0	2170	16013	30
0	2176	16064	31
0	2177	16103	30
0	2183	16128	31
0	2186	16174	30
0	2192	16192	31
0	2195	16200	30
0	2207	16256	31
0	2208	16304	30
0	2214	16320	31
0	2216	16384	32
0	2217	16413	31
0	2223	16448	32
0	2226	16477	31
0	2237	16512	32
0	2238	16533	31
0	2244	16576	32
0	2245	16587	31
0	2250	16607	30
0	2258	16640	31
0	2259	16689	30
0	2264	16697	29
0	2269	16704	30
0	2273	16753	29
0	2278	16768	30
0	2279	16777	29
0	2292	16829	28
0	2297	16832	29
0	2298	16835	28
0	2305	16845	27
0	2309	16880	26
0	2314	16896	27
0	2316	16960	28
0	2317	16988	27
0	2321	17002	26
0	2325	17005	25
0	2339	17024	26
0	2340	17033	25
0	2345	17088	26
0	2347	17152	27
0	2348	17172	26
0	2352	17200	25
0	2360	17216	26
0	2364	17252	25
0	2375	17280	26
0	2383	17344	27
0	2388	17408	28
0	2394	17455	27
0	2400	17472	28
0	2404	17536	29
0	2408	17600	30
0	2414	17664	31
0	2415	17678	30
0	2420	17690	29
0	2425	17704	28
0	2430	17716	27
0	2436	17728	28
0	2438	17792	29
0	2439	17837	28
0	2444	17856	29
0	2451	17920	30
0	2452	17949	29
0	2460	17984	30
0	2461	17990	29
0	2472	18000	30
0	2475	18006	29
0	2481	18018	28
0	2487	18027	27
0	2493	18048	28
0	2496	18080	27
0	2506	18112	28
0	2507	18153	27
0	2513	18176	28
0	2518	18207	27
0	2522	18209	26
0	2527	18240	27
0	2533	18304	28
0	2534	18323	27
0	2538	18335	26
0	2542	18340	25
0	2548	18360	24
0	2553	18368	25
0	2557	18414	24
0	2562	18432	25
0	2563	18441	24
0	2583	18496	25
0	2588	18560	26
0	2592	18609	25
0	2597	18624	26
0	2601	18681	25
0	2606	18688	26
0	2607	18695	25
0	2615	18752	26
0	2616	18784	25
0	2620	18803	24
0	2625	18816	25
0	2629	18871	24
0	2634	18880	25
0	2639	18944	26
0	2643	18964	25
0	2651	19008	26
0	2652	19044	25
0	2660	19072	26
0	2662	19136	27
0	2663	19142	26
0	2670	19188	25
0	2678	19200	26
0	2688	19264	27
0	2689	19299	26
0	2694	19304	25
0	2699	19328	26
0	2705	19366	25
0	2711	19392	26
0	2712	19395	25
0	2722	19456	26
0	2731	19520	27
0	2732	19533	26
0	2738	19584	27
0	2743	19647	26
0	2749	19648	27
0	2757	19712	28
0	2761	19776	29
0	2763	19840	30
0	2765	19904	31
0	2767	19968	32
0	2769	20032	33
0	2771	20096	34
0	2772	20144	33
0	2777	20159	32
0	2783	20160	33
0	2786	20184	32
0	2796	20224	33
0	2798	20288	34
0	2800	20352	35
0	2801	20364	34
0	2806	20372	33
0	2812	20416	34
0	2813	20452	33
0	2819	20480	34
0	2820	20535	33
0	2826	20544	34
0	2831	20556	33
0	2837	20608	34
0	2838	20613	33
0	2846	20672	34
0	2849	20725	33
0	2859	20736	34
0	2861	20800	35
0	2863	20864	36
0	2866	20893	35
0	2872	20928	36
0	2874	20992	37
0	2880	21027	36
0	2886	21056	37
0	2887	21061	36
0	2892	21118	35
0	2898	21120	36
0	2899	21131	35
0	2909	21184	36
0	2912	21200	35
0	2917	21207	34
0	2927	21248	35
0	2932	21290	34
0	2938	21312	35
0	2946	21376	36
0	2948	21440	37
0	2949	21481	36
0	2954	21496	35
0	2962	21504	36
0	2963	21547	35
0	2969	21568	36
0	2971	21632	37
0	2973	21696	38
0	2974	21716	37
0	2982	21760	38
0	2985	21803	37
0	2991	21824	38
0	2993	21888	39
0	2996	21952	38
0	3000	21952	39
0	3004	22016	40
0	3005	22071	39
0	3011	22080	40
0	3012	22087	39
0	3022	22144	40
0	3026	22208	41
0	3027	22271	40
0	3033	22272	41
0	3034	22291	40
0	3039	22317	39
0	3044	22329	38
0	3049	22336	39
0	3050	22337	38
0	3063	22400	39
0	3067	22464	40
0	3076	22528	41
0	3084	22592	42
0	3086	22656	43
0	3088	22720	44
0	3089	22754	43
0	3095	22784	44
0	3097	22848	45
0	3101	22912	46
0	3102	22933	45
0	3108	22976	46
0	3110	23040	47
0	3112	23104	48
0	3113	23126	47
0	3119	23168	48
0	3121	23232	49
0	3123	23296	50
0	3127	23360	51
0	3129	23424	52
0	3131	23488	53
0	3133	23552	54
0	3134	23559	53
0	3142	23616	54
0	3146	23680	55
0	3148	23744	56
0	3149	23795	55
0	3155	23808	56
0	3156	23852	55
0	3162	23872	56
0	3164	23936	57
0	3165	23969	56
0	3177	24000	57
0	3179	24000	58
0	3181	24009	57
0	3191	24041	56
0	3196	24064	57
0	3202	24107	56
0	3208	24128	57
0	3212	24192	58
0	3213	24195	57
0	3218	24221	56
0	3227	24256	57
0	3234	24320	58
0	3240	24384	59
0	3243	24392	58
0	3253	24448	59
0	3254	24486	58
0	3260	24512	59
0	3264	24576	60
0	3266	24640	61
0	3267	24654	60
0	3275	24704	61
0	3276	24707	60
0	3281	24742	59
0	3287	24768	60
0	3293	24832	61
0	3294	24836	60
0	3299	24863	59
0	3305	24896	60
0	3309	24960	61
0	3311	25024	62
0	3313	25088	63
0	3315	25152	64
0	3316	25186	63
0	3321	25193	62
0	3327	25216	63
0	3329	25280	64
0	3333	25344	65
0	3334	25381	64
0	3340	25408	63
0	3341	25408	64
0	3348	25450	63
0	3356	25472	64
0	3361	25536	65
0	3364	25563	64
0	3376	25600	65
0	3378	25664	66
0	3382	25728	67
0	3383	25760	66
0	3390	25789	65
0	3396	25792	66
0	3397	25800	65
0	3406	25843	64
0	3414	25856	65
0	3415	25859	64
0	3420	25893	63
0	3425	25896	62
0	3430	25920	63
0	3432	25984	64
0	3433	25989	63
0	3441	26048	64
0	3449	26062	63
0	3455	26112	64
0	3461	26176	65
0	3462	26179	64
0	3467	26201	63
0	3477	26240	64
0	3478	26243	63
0	3483	26269	62
0	3489	26304	63
0	3494	26360	62
0	3500	26368	63
0	3504	26432	64
0	3508	26496	65
0	3510	26560	66
0	3511	26575	65
0	3516	26586	64
0	3526	26624	65
0	3527	26666	64
0	3533	26688	65
0	3535	26752	66
0	3539	26816	67
0	3540	26831	66
0	3548	26880	67
0	3550	26944	68
0	3555	27008	69
0	3557	27072	70
0	3565	27136	71
0	3567	27200	72
0	3568	27226	71
0	3574	27264	72
0	3575	27303	71
0	3581	27328	72
0	3582	27335	71
0	3587	27352	70
0	3592	27364	69
0	3597	27392	70
0	3601	27412	69
0	3609	27456	70
0	3612	27488	69
0	3620	27520	70
0	3621	27525	69
0	3628	27543	68
0	3636	27584	69
0	3637	27612	68
0	3643	27648	69
0	3651	27712	70
0	3653	27776	71
0	3655	27840	72
0	3657	27904	73
0	3659	27968	74
0	3663	28032	75
0	3664	28056	74
0	3670	28096	75
0	3671	28100	74
0	3677	28160	75
0	3681	28224	76
0	3682	28243	75
0	3688	28288	76
0	3689	28290	75
0	3699	28352	76
0	3700	28361	75
0	3706	28416	76
0	3707	28461	75
0	3712	28470	74
0	3718	28480	75
0	3722	28507	74
0	3733	28544	73
0	3737	28544	74
0	3739	28568	73
0	3749	28608	74
0	3753	28657	73
0	3761	28672	74
0	3762	28676	73
0	3767	28696	72
0	3771	28711	71
0	3778	28733	70
0	3783	28736	71
0	3793	28800	72
0	3797	28864	73
0	3798	28886	72
0	3803	28890	71
0	3815	28928	72
0	3817	28992	73
0	3821	29056	74
0	3823	29120	75
0	3825	29184	76
0	3826	29192	75
0	3831	29193	74
0	3837	29248	75
0	3841	29312	76
0	3847	29376	77
0	3848	29390	76
0	3853	29394	75
0	3859	29440	76
0	3865	29504	77
0	3866	29567	76
0	3872	29568	77
0	3874	29632	78
0	3876	29696	79
0	3877	29738	78
0	3882	29760	77
0	3886	29760	78
0	3892	29824	79
0	3894	29888	80
0	3900	29952	81
0	3905	30000	82
0	3908	30004	81
0	3914	30016	82
0	3916	30080	83
0	3920	30144	84
0	3921	30205	83
0	3927	30208	84
0	3933	30247	83
0	3939	30272	84
0	3943	30336	85
0	3947	30400	86
0	3948	30403	85
0	3953	30453	84
0	3959	30464	85
0	3963	30528	86
0	3966	30570	85
0	3972	30592	86
0	3979	30626	85
0	3984	30634	84
0	3991	30636	83
0	3996	30640	82
0	4003	30650	81
0	4011	30656	82
0	4012	30666	81
0	4017	30699	80
0	4024	30720	81
0	4025	30728	80
0	4029	30732	79
0	4037	30784	80
0	4047	30848	81
0	4048	30857	80
0	4058	30912	81
0	4059	30976	80
0	4063	30976	81
0	4071	31040	82
0	4073	31104	83
0	4077	31168	84
0	4078	31211	83
0	4084	31232	84
0	4085	31233	83
0	4090	31262	82
0	4096	31296	83
0	4098	31360	84
0	4101	31399	83
0	4106	31412	82
0	4114	31424	83
0	4118	31488	84
0	4124	31543	83
0	4133	31552	84
0	4139	31571	83
0	4144	31616	82
0	4148	31616	83
0	4153	31674	82
0	4159	31680	83
0	4163	31744	84
0	4167	31808	85
0	4168	31839	84
0	4174	31872	85
0	4175	31886	84
0	4180	31906	83
0	4188	31936	84
0	4189	31952	83
0	4199	32000	84
0	4203	32064	85
0	4206	32072	84
0	4212	32128	85
0	4213	32151	84
0	4221	32192	85
0	4222	32226	84
0	4228	32256	85
0	4229	32302	84
0	4237	32320	85
0	4243	32384	86
0	4245	32448	87
0	4247	32512	88
0	4248	32534	87
0	4254	32576	88
0	4258	32640	89
0	4259	32691	88
0	4265	32704	89
0	4266	32744	88
0	4272	32768	89
0	4273	32778	88
0	4282	32811	87
0	4287	32820	86
0	4293	32832	87
0	4295	32896	88
0	4301	32960	89
0	4302	32998	88
0	4311	33024	89
0	4313	33088	90
0	4314	33128	89
0	4320	33152	90
0	4327	33193	89
0	4334	33216	88
0	4338	33216	89
0	4341	33224	88
0	4345	33261	87
0	4350	33280	88
0	4351	33307	87
0	4356	33344	88
0	4358	33408	89
0	4359	33418	88
0	4367	33472	89
0	4368	33480	88
0	4378	33536	87
0	4382	33536	88
0	4384	33573	87
0	4389	33600	88
0	4393	33636	87
0	4398	33664	88
0	4402	33715	87
0	4407	33728	88
0	4408	33780	87
0	4413	33792	88
0	4421	33856	89
0	4428	33907	88
0	4433	33920	89
0	4434	33983	88
0	4439	33984	89
0	4444	34048	90
0	4451	34074	89
0	4460	34093	88
0	4466	34112	89
0	4470	34176	90
0	4472	34240	91
0	4473	34274	90
0	4479	34304	91
0	4487	34368	92
0	4489	34432	93
0	4491	34496	94
0	4499	34536	93
0	4505	34560	94
0	4508	34614	93
0	4513	34615	92
0	4518	34622	91
0	4523	34624	92
0	4529	34686	91
0	4535	34688	92
0	4536	34737	91
0	4541	34752	92
0	4550	34816	93
0	4552	34880	94
0	4553	34921	93
0	4558	34924	92
0	4564	34944	93
0	4565	34958	92
0	4569	34988	91
0	4574	35008	92
0	4586	35072	93
0	4587	35079	92
0	4592	35092	91
0	4600	35136	92
0	4604	35200	93
0	4605	35208	92
0	4613	35264	93
0	4614	35266	92
0	4619	35268	91
0	4624	35279	90
0	4629	35328	91
0	4630	35352	90
0	4635	35392	91
0	4640	35456	92
0	4645	35520	93
0	4646	35522	92
0	4654	35584	93
0	4657	35615	92
0	4663	35648	93
0	4668	35710	92
0	4674	35712	93
0	4675	35716	92
0	4687	35776	93
0	4689	35840	94
0	4691	35904	95
0	4695	35968	96
0	4700	36000	97
0	4704	36032	98
0	4705	36059	97
0	4710	36073	96
0	4716	36096	97
0	4725	36160	98
0	4728	36222	97
0	4734	36224	98
0	4738	36288	99
0	4748	36352	100
0	4749	36387	99
0	4754	36391	98
0	4762	36416	99
0	4763	36422	98
0	4770	36476	97
0	4776	36480	98
0	4779	36514	97
0	4785	36544	98
0	4789	36608	99
0	4790	36637	98
0	4798	36672	99
0	4799	36723	98
0	4804	36725	97
0	4810	36736	98
0	4811	36768	97
0	4817	36800	98
0	4823	36864	99
0	4824	36901	98
0	4830	36928	99
0	4831	36980	98
0	4839	36992	99
0	4843	37056	100
0	4844	37113	99
0	4850	37120	100
0	4851	37170	99
0	4857	37184	100
0	4860	37246	99
0	4866	37248	100
0	4867	37266	99
0	4871	37278	98
0	4876	37312	99
0	4890	37376	100
0	4891	37435	99
0	4897	37440	100
0	4898	37492	99
0	4907	37504	100
0	4913	37568	101
0	4916	37623	100
0	4922	37632	101
0	4928	37696	102
0	4929	37719	101
0	4934	37736	100
0	4940	37760	101
0	4941	37766	100
0	4953	37824	101
0	4956	37880	100
0	4961	37884	99
0	4967	37888	100
0	4970	37943	99
0	4976	37952	100
0	4978	38016	101
0	4982	38080	102
0	4985	38143	101
0	4991	38144	102
0	4993	38208	103
0	4994	38241	102
0	5000	38272	103
0	5001	38323	102
0	5006	38336	101
0	5010	38336	102
0	5013	38400	103
0	5014	38412	102
0	5019	38464	103
0	5020	38480	102
0	5021	38480	101
0	5029	38528	102
0	5034	38592	103
0	5035	38640	102
0	5043	38656	103
0	5044	38668	102
0	5049	38720	103
0	5050	38784	102
0	5054	38784	103
0	5060	38848	104
0	5065	38912	105
0	5066	38919	104
0	5070	38920	103
0	5075	38976	104
0	5096	39040	105
0	5099	39093	104
0	5104	39104	105
0	5105	39109	104
0	5110	39168	105
0	5111	39222	104
0	5116	39232	105
0	5120	39274	104
0	5125	39296	105
0	5126	39298	104
0	5140	39360	105
0	5141	39397	104
0	5145	39422	103
0	5153	39424	104
0	5161	39488	105
0	5162	39510	104
0	5167	39552	105
0	5168	39562	104
0	5172	39586	103
0	5179	39607	102
0	5180	39607	101
0	5188	39616	102
0	5193	39680	103
0	5194	39722	102
0	5205	39744	103
0	5213	39808	104
0	5222	39872	105
0	5226	39936	106
0	5229	39993	105
0	5235	40000	106
0	5236	40010	105
0	5242	40064	106
0	5243	40077	105
0	5253	40128	106
0	5255	40192	107
0	5257	40256	108
0	5258	40275	107
0	5268	40320	108
0	5269	40379	107
0	5275	40384	108
0	5277	40448	109
0	5282	40512	110
0	5287	40538	109
0	5294	40574	108
0	5300	40576	109
0	5306	40640	110
0	5307	40673	109
0	5313	40704	110
0	5314	40707	109
0	5321	40747	108
0	5327	40768	109
0	5329	40832	110
0	5333	40896	111
0	5334	40904	110
0	5342	40960	111
0	5343	40969	110
0	5348	41014	109
0	5354	41024	110
0	5359	41050	109
0	5364	41070	108
0	5372	41088	109
0	5375	41142	108
0	5381	41152	109
0	5382	41170	108
0	5390	41216	109
0	5394	41280	110
0	5396	41344	111
0	5400	41408	112
0	5402	41472	113
0	5403	41488	112
0	5408	41493	111
0	5416	41536	112
0	5417	41547	111
0	5422	41560	110
0	5432	41600	111
0	5433	41605	110
0	5438	41627	109
0	5450	41664	110
0	5453	41716	109
0	5459	41728	110
0	5461	41792	111
0	5464	41840	110
0	5470	41856	111
0	5471	41918	110
0	5477	41920	111
0	5481	41984	112
0	5486	42000	113
0	5495	42048	114
0	5497	42112	115
0	5499	42176	116
0	5503	42240	117
0	5510	42291	116
0	5516	42304	117
0	5517	42333	116
0	5523	42368	117
0	5524	42413	116
0	5530	42432	117
0	5531	42449	116
0	5535	42454	115
0	5543	42496	116
0	5548	42560	117
0	5549	42594	116
0	5557	42624	117
0	5558	42639	116
0	5563	42688	117
0	5565	42752	118
0	5570	42816	119
0	5576	42880	120
0	5582	42944	121
0	5583	42991	120
0	5589	43008	121
0	5591	43072	122
0	5595	43136	123
0	5596	43161	122
0	5602	43200	123
0	5603	43202	122
0	5608	43217	121
0	5613	43236	120
0	5621	43264	121
0	5626	43327	120
0	5632	43328	121
0	5634	43392	122
0	5636	43456	123
0	5643	43520	124
0	5644	43576	123
0	5650	43584	124
0	5654	43648	125
0	5656	43712	126
0	5657	43749	125
0	5665	43776	126
0	5673	43840	127
0	5674	43855	126
0	5679	43887	125
0	5685	43904	126
0	5689	43968	127
0	5690	43972	126
0	5695	43985	125
0	5700	44018	124
0	5708	44032	125
0	5714	44096	126
0	5715	44102	125
0	5722	44125	124
0	5728	44160	125
0	5731	44221	124
0	5737	44224	125
0	5741	44288	126
0	5744	44348	125
0	5750	44352	126
0	5751	44408	125
0	5756	44413	124
0	5762	44416	125
0	5768	44480	126
0	5769	44516	125
0	5775	44544	126
0	5778	44573	125
0	5786	44608	126
0	5787	44647	125
0	5793	44672	126
0	5796	44685	125
0	5804	44736	126
0	5805	44754	125
0	5813	44800	126
0	5816	44847	125
0	5821	44857	124
0	5827	44864	125
0	5828	44901	124
0	5834	44928	125
0	5836	44938	124
0	5843	44992	125
0	5850	45056	126
0	5857	45095	125
0	5864	45097	124
0	5874	45120	125
0	5877	45151	124
0	5882	45159	123
0	5890	45184	124
0	5892	45248	125
0	5896	45312	126
0	5897	45325	125
0	5905	45376	126
0	5907	45440	127
0	5908	45490	126
0	5914	45504	127
0	5917	45534	126
0	5924	45558	125
0	5930	45568	126
0	5931	45581	125
0	5936	45628	124
0	5942	45632	125
0	5943	45639	124
0	5947	45666	123
0	5952	45696	124
0	5956	45710	123
0	5963	45753	122
0	5968	45760	123
0	5979	45824	124
0	5982	45888	125
0	5983	45900	124
0	5989	45952	125
0	5990	45954	124
0	5995	45977	123
0	6000	46016	124
0	6009	46080	125
0	6015	46144	126
0	6016	46182	125
0	6021	46198	124
0	6026	46205	123
0	6032	46208	124
0	6034	46272	125
0	6035	46280	124
0	6040	46330	123
0	6045	46336	124
0	6046	46348	123
0	6054	46400	124
0	6056	46464	125
0	6057	46470	124
0	6061	46489	123
0	6068	46505	122
0	6073	46528	123
0	6090	46557	122
0	6095	46592	123
0	6099	46643	122
0	6109	46656	123
0	6112	46665	122
0	6118	46720	123
0	6120	46784	124
0	6121	46791	123
0	6128	46831	122
0	6133	46848	123
0	6134	46852	122
0	6141	46891	121
0	6146	46912	122
0	6147	46939	121
0	6157	46950	120
0	6161	46973	119
0	6166	46976	120
0	6167	46999	119
0	6171	47001	118
0	6182	47040	119
0	6186	47069	118
0	6190	47080	117
0	6198	47104	118
0	6199	47134	117
0	6204	47168	118
0	6211	47211	117
0	6219	47232	118
0	6220	47238	117
0	6224	47260	116
0	6232	47296	117
0	6233	47340	116
0	6238	47360	117
0	6240	47424	118
0	6241	47478	117
0	6246	47488	118
0	6251	47552	119
0	6252	47580	118
0	6260	47616	119
0	6264	47630	118
0	6269	47680	117
0	6270	47680	118
0	6283	47711	117
0	6288	47744	118
0	6289	47757	117
0	6293	47770	116
0	6301	47808	117
0	6306	47872	118
0	6317	47936	119
0	6320	47985	118
0	6330	48000	119
0	6332	48000	120
0	6334	48002	119
0	6342	48064	120
0	6355	48128	121
0	6358	48145	120
0	6363	48169	119
0	6368	48178	118
0	6376	48192	119
0	6377	48232	118
0	6382	48237	117
0	6387	48256	118
0	6392	48320	119
0	6396	48384	120
0	6404	48448	121
0	6410	48512	122
0	6412	48576	123
0	6416	48640	124
0	6417	48703	123
0	6423	48704	124
0	6424	48749	123
0	6430	48768	124
0	6431	48773	123
0	6438	48827	122
0	6444	48832	123
0	6448	48896	124
0	6450	48960	125
0	6452	49024	126
0	6453	49036	125
0	6458	49075	124
0	6466	49088	125
0	6468	49152	126
0	6472	49216	127
0	6476	49280	128
0	6478	49344	129
0	6480	49408	130
0	6482	49472	131
0	6488	49535	130
0	6494	49536	131
0	6499	49598	130
0	6505	49600	131
0	6508	49648	130
0	6514	49664	131
0	6518	49728	132
0	6519	49746	131
0	6525	49792	132
0	6526	49825	131
0	6532	49856	132
0	6533	49862	131
0	6541	49920	132
0	6544	49929	131
0	6550	49984	132
0	6552	50048	133
0	6555	50077	132
0	6560	50109	131
0	6565	50112	132
0	6572	50176	133
0	6573	50216	132
0	6583	50240	133
0	6586	50297	132
0	6592	50304	133
0	6593	50361	132
0	6599	50368	133
0	6600	50378	132
0	6608	50432	133
0	6611	50475	132
0	6617	50496	133
0	6618	50514	132
0	6628	50560	133
0	6631	50608	132
0	6639	50624	133
0	6643	50688	134
0	6644	50698	133
0	6652	50752	134
0	6653	50769	133
0	6658	50792	132
0	6664	50816	133
0	6665	50873	132
0	6673	50880	133
0	6674	50888	132
0	6680	50944	133
0	6683	50988	132
0	6688	50991	131
0	6697	51008	132
0	6700	51049	131
0	6706	51072	132
0	6712	51136	133
0	6713	51140	132
0	6723	51200	133
0	6728	51233	132
0	6736	51264	133
0	6737	51324	132
0	6743	51328	133
0	6747	51392	134
0	6748	51424	133
0	6754	51456	134
0	6755	51459	133
0	6765	51520	134
0	6767	51584	135
0	6773	51648	136
0	6775	51712	137
0	6776	51754	136
0	6782	51776	137
0	6786	51840	138
0	6787	51869	137
0	6793	51904	138
0	6795	51968	139
0	6797	52032	140
0	6798	52079	139
0	6804	52096	140
0	6808	52160	141
0	6809	52162	140
0	6817	52224	141
0	6818	52274	140
0	6823	52288	139
0	6827	52288	140
0	6833	52352	141
0	6834	52403	140
0	6840	52416	141
0	6844	52480	142
0	6851	52544	143
0	6852	52578	142
0	6864	52608	143
0	6865	52650	142
0	6873	52672	143
0	6874	52696	142
0	6880	52736	143
0	6881	52751	142
0	6886	52764	141
0	6895	52787	140
0	6900	52789	139
0	6905	52800	140
0	6910	52864	141
0	6914	52928	142
0	6915	52939	141
0	6925	52992	142
0	6926	53040	141
0	6932	53056	142
0	6933	53068	141
0	6939	53120	142
0	6941	53184	143
0	6942	53196	142
0	6946	53201	141
0	6950	53212	140
0	6955	53248	141
0	6960	53312	142
0	6965	53376	143
0	6972	53440	144
0	6974	53504	145
0	6978	53568	146
0	6979	53593	145
0	6989	53632	146
0	6991	53696	147
0	6992	53699	146
0	6997	53707	145
0	7002	53735	144
0	7007	53752	143
0	7012	53760	144
0	7013	53763	143
0	7021	53824	144
0	7022	53837	143
0	7027	53888	144
0	7031	53910	143
0	7036	53952	144
0	7037	53964	143
0	7051	54000	144
0	7055	54016	145
0	7064	54080	146
0	7070	54111	145
0	7076	54144	146
0	7077	54172	145
0	7082	54208	146
0	7083	54238	145
0	7091	54272	146
0	7095	54282	145
0	7105	54336	146
0	7106	54356	145
0	7117	54399	144
0	7123	54400	145
0	7124	54405	144
0	7136	54464	145
0	7140	54528	146
0	7143	54585	145
0	7149	54592	146
0	7152	54638	145
0	7157	54654	144
0	7163	54656	145
0	7166	54677	144
0	7174	54720	145
0	7175	54742	144
0	7181	54784	145
0	7182	54824	144
0	7188	54848	145
0	7192	54912	146
0	7195	54967	145
0	7201	54976	146
0	7202	55017	145
0	7208	55040	146
0	7210	55104	147
0	7211	55114	146
0	7215	55134	145
0	7223	55168	146
0	7225	55232	147
0	7227	55296	148
0	7232	55360	149
0	7236	55424	150
0	7239	55456	149
0	7244	55458	148
0	7252	55488	149
0	7258	55551	148
0	7266	55552	149
0	7269	55571	148
0	7274	55575	147
0	7275	55575	146
0	7284	55612	145
0	7289	55616	146
0	7293	55680	145
0	7297	55680	146
0	7299	55695	145
0	7306	55722	144
0	7310	55729	143
0	7315	55744	144
0	7316	55795	143
0	7328	55808	144
0	7332	55872	145
0	7336	55913	144
0	7346	55927	143
0	7351	55936	144
0	7363	56000	145
0	7365	56064	146
0	7367	56128	147
0	7368	56155	146
0	7379	56179	145
0	7385	56192	146
0	7386	56221	145
0	7393	56246	144
0	7399	56256	145
0	7402	56292	144
0	7407	56317	143
0	7413	56320	144
0	7414	56358	143
0	7422	56384	144
0	7425	56433	143
0	7431	56448	144
0	7434	56506	143
0	7440	56512	144
0	7442	56576	145
0	7445	56640	144
0	7449	56640	145
0	7453	56704	146
0	7454	56739	145
0	7460	56768	146
0	7466	56832	147
0	7467	56837	146
0	7474	56857	145
0	7480	56896	146
0	7483	56920	145
0	7490	56958	144
0	7496	56960	145
0	7505	57024	146
0	7506	57041	145
0	7514	57088	146
0	7519	57106	145
0	7524	57124	144
0	7529	57148	143
0	7534	57151	142
0	7539	57152	143
0	7545	57205	142
0	7551	57216	143
0	7552	57256	142
0	7557	57280	143
0	7563	57332	142
0	7569	57344	143
0	7575	57408	144
0	7578	57472	143
0	7582	57472	144
0	7588	57536	145
0	7594	57600	146
0	7595	57655	145
0	7601	57664	146
0	7602	57724	145
0	7610	57728	146
0	7611	57753	145
0	7617	57792	146
0	7618	57793	145
0	7626	57856	146
0	7630	57920	147
0	7631	57955	146
0	7638	57981	145
0	7644	57984	146
0	7648	58048	147
0	7649	58053	146
0	7654	58091	145
0	7660	58112	146
0	7663	58164	145
0	7669	58176	146
0	7670	58230	145
0	7671	58230	144
0	7680	58240	145
0	7682	58250	144
0	7694	58304	145
0	7695	58312	144
0	7701	58368	145
0	7705	58432	146
0	7706	58455	145
0	7711	58469	144
0	7715	58477	143
0	7719	58487	142
0	7724	58496	143
0	7728	58504	142
0	7745	58560	143
0	7749	58604	142
0	7754	58624	143
0	7756	58688	144
0	7764	58752	145
0	7769	58789	144
0	7775	58816	145
0	7781	58880	146
0	7783	58944	147
0	7784	58987	146
0	7790	59008	147
0	7792	59072	148
0	7794	59136	149
0	7797	59168	148
0	7805	59200	149
0	7806	59209	148
0	7812	59264	149
0	7813	59279	148
0	7818	59289	147
0	7824	59328	148
0	7825	59389	147
0	7830	59392	148
0	7837	59456	149
0	7840	59486	148
0	7846	59520	149
0	7847	59579	148
0	7853	59584	149
0	7854	59616	148
0	7864	59648	149
0	7869	59663	148
0	7875	59712	149
0	7878	59757	148
0	7883	59772	147
0	7889	59776	148
0	7890	59793	147
0	7895	59828	146
0	7900	59840	147
0	7901	59845	146
0	7905	59867	145
0	7913	59904	146
0	7915	59968	147
0	7916	59971	146
0	7920	59973	145
0	7928	60000	146
0	7932	60032	147
0	7936	60057	146
0	7941	60096	147
0	7942	60097	146
0	7947	60114	145
0	7953	60133	144
0	7957	60138	143
0	7965	60160	144
0	7967	60224	145
0	7972	60288	146
0	7974	60352	147
0	7975	60355	146
0	7990	60416	147
0	7995	60480	148
0	8002	60543	147
0	8007	60544	148
0	8008	60559	147
0	8016	60564	146
0	8027	60608	147
0	8034	60672	148
0	8038	60693	147
0	8051	60736	148
0	8052	60740	147
0	8057	60771	146
0	8061	60779	145
0	8069	60800	146
0	8071	60864	147
0	8075	60871	146
0	8084	60918	145
0	8089	60925	144
0	8097	60928	145
0	8100	60991	144
0	8106	60992	145
0	8108	61056	146
0	8109	61111	145
0	8114	61120	146
0	8115	61139	145
0	8123	61184	146
0	8130	61248	147
0	8134	61312	148
0	8135	61328	147
0	8143	61376	148
0	8144	61390	147
0	8154	61440	148
0	8155	61448	147
0	8166	61504	148
0	8168	61568	149
0	8169	61591	148
0	8174	61609	147
0	8185	61632	148
0	8187	61638	147
0	8192	61676	146
0	8200	61696	147
0	8204	61760	148
0	8212	61824	149
0	8214	61888	150
0	8215	61938	149
0	8221	61952	150
0	8222	61953	149
0	8230	62016	150
0	8233	62053	149
0	8239	62080	150
0	8241	62144	151
0	8243	62208	152
0	8247	62272	153
0	8249	62336	154
0	8250	62344	153
0	8258	62400	154
0	8259	62409	153
0	8264	62421	152
0	8270	62464	153
0	8273	62483	152
0	8278	62487	151
0	8283	62494	150
0	8289	62528	151
0	8294	62564	150
0	8301	62572	149
0	8308	62588	148
0	8314	62592	149
0	8315	62593	148
0	8322	62641	147
0	8328	62656	148
0	8332	62720	149
0	8333	62750	148
0	8341	62784	149
0	8346	62824	148
0	8352	62848	149
0	8353	62902	148
0	8359	62912	149
0	8363	62976	150
0	8374	63040	151
0	8375	63043	150
0	8380	63084	149
0	8388	63104	150
0	8389	63119	149
0	8397	63168	150
0	8400	63229	149
0	8406	63232	150
0	8410	63296	151
0	8411	63337	150
0	8418	63347	149
0	8426	63360	150
0	8427	63364	149
0	8435	63424	150
0	8436	63438	149
0	8441	63460	148
0	8447	63488	149
0	8448	63518	148
0	8456	63552	149
0	8457	63576	148
0	8458	63576	147
0	8465	63596	146
0	8470	63616	147
0	8471	63634	146
0	8476	63680	147
0	8481	63744	148
0	8485	63752	147
0	8493	63808	148
0	8501	63872	149
0	8509	63936	150
0	8511	64000	151
0	8512	64013	150
0	8520	64064	151
0	8521	64069	150
0	8526	64071	149
0	8531	64074	148
0	8536	64085	147
0	8547	64124	146
0	8553	64128	147
0	8557	64192	148
0	8559	64256	149
0	8561	64320	150
0	8565	64384	151
0	8567	64448	152
0	8568	64493	151
0	8579	64512	152
0	8585	64576	153
0	8587	64640	154
0	8591	64704	155
0	8592	64752	154
0	8598	64768	155
0	8600	64832	156
0	8602	64896	157
0	8604	64960	158
0	8608	65024	159
0	8610	65088	160
0	8614	65152	161
0	8615	65197	160
0	8621	65216	161
0	8623	65280	162
0	8624	65299	161
0	8632	65344	162
0	8634	65408	163
0	8635	65419	162
0	8640	65447	161
0	8648	65472	162
0	8649	65504	161
0	8654	65522	160
0	8662	65536	161
0	8663	65565	160
0	8671	65600	161
0	8672	65629	160
0	8678	65664	161
0	8682	65728	162
0	8686	65792	163
0	8691	65833	162
0	8699	65856	163
0	8700	65860	162
0	8706	65920	163
0	8710	65984	164
0	8715	66000	165
0	8724	66048	166
0	8734	66112	167
0	8735	66149	166
0	8741	66176	167
0	8742	66238	166
0	8748	66240	167
0	8749	66270	166
0	8755	66304	167
0	8757	66368	168
0	8765	66432	169
0	8767	66496	170
0	8769	66560	171
0	8771	66624	172
0	8773	66688	173
0	8775	66752	174
0	8776	66770	173
0	8783	66816	174
0	8786	66880	175
0	8787	66886	174
0	8792	66927	173
0	8798	66944	174
0	8799	66953	173
0	8804	66985	172
0	8810	67008	173
0	8816	67072	174
0	8819	67123	173
0	8827	67136	174
0	8828	67140	173
0	8834	67200	174
0	8840	67264	175
0	8841	67313	174
0	8846	67319	173
0	8852	67328	174
0	8853	67361	173
0	8859	67392	174
0	8860	67425	173
0	8868	67456	174
0	8875	67520	175
0	8879	67584	176
0	8883	67648	177
0	8885	67712	178
0	8886	67749	177
0	8891	67773	176
0	8897	67776	177
0	8898	67821	176
0	8908	67840	177
0	8911	67904	176
0	8915	67904	177
0	8922	67950	176
0	8923	67950	175
0	8933	67968	176
0	8934	67992	175
0	8939	68032	176
0	8947	68075	175
0	8955	68096	176
0	8956	68097	175
0	8966	68160	176
0	8968	68224	177
0	8971	68248	176
0	8979	68288	177
0	8981	68352	178
0	8982	68378	177
0	8988	68416	178
0	8990	68480	179
0	8991	68487	178
0	8997	68544	179
0	8998	68551	178
0	9003	68598	177
0	9009	68608	178
0	9014	68646	177
0	9022	68672	178
0	9023	68701	177
0	9028	68703	176
0	9036	68736	177
0	9040	68800	178
0	9044	68864	179
0	9045	68865	178
0	9051	68928	179
0	9052	68970	178
0	9058	68992	179
0	9059	68995	178
0	9067	69033	177
0	9071	69053	176
0	9076	69056	177
0	9080	69076	176
0	9091	69120	177
0	9092	69126	176
0	9099	69167	175
0	9109	69184	176
0	9112	69233	175
0	9124	69248	176
0	9128	69312	177
0	9130	69376	178
0	9131	69377	177
0	9137	69440	178
0	9140	69472	177
0	9146	69504	178
0	9150	69568	179
0	9154	69632	180
0	9155	69663	179
0	9160	69687	178
0	9166	69696	179
0	9167	69708	178
0	9175	69760	179
0	9176	69778	178
0	9181	69821	177
0	9186	69824	178
0	9195	69888	179
0	9197	69952	180
0	9203	70016	181
0	9204	70080	180
0	9208	70080	181
0	9211	70082	180
0	9216	70084	179
0	9223	70136	178
0	9228	70141	177
0	9234	70144	178
0	9236	70208	179
0	9237	70250	178
0	9242	70272	179
0	9244	70336	180
0	9248	70364	179
0	9253	70400	180
0	9264	70464	181
0	9269	70528	182
0	9270	70551	181
0	9276	70592	182
0	9282	70656	183
0	9283	70667	182
0	9293	70720	183
0	9295	70784	184
0	9296	70819	183
0	9302	70848	184
0	9303	70861	183
0	9308	70875	182
0	9316	70905	181
0	9323	70912	182
0	9324	70927	181
0	9328	70954	180
0	9339	70976	181
0	9342	71019	180
0	9347	71036	179
0	9352	71040	180
0	9356	71063	179
0	9361	71104	180
0	9370	71168	181
0	9371	71174	180
0	9378	71208	179
0	9386	71232	180
0	9387	71246	179
0	9392	71267	178
0	9397	71288	177
0	9402	71296	178
0	9408	71325	177
0	9416	71360	178
0	9417	71368	177
0	9422	71370	176
0	9429	71390	175
0	9437	71424	176
0	9440	71479	175
0	9446	71488	176
0	9454	71552	177
0	9458	71616	178
0	9459	71675	177
0	9465	71680	178
0	9467	71744	179
0	9469	71808	180
0	9473	71872	181
0	9475	71936	182
0	9476	71937	181
0	9481	71979	180
0	9491	72000	181
0	9493	72000	182
0	9495	72041	181
0	9506	72064	182
0	9507	72073	181
0	9514	72109	180
0	9526	72128	181
0	9529	72161	180
0	9537	72192	181
0	9538	72226	180
0	9547	72256	181
0	9551	72264	180
0	9557	72320	181
0	9563	72384	182
0	9565	72448	183
0	9567	72512	184
0	9570	72571	183
0	9575	72575	182
0	9581	72576	183
0	9583	72640	184
0	9587	72704	185
0	9589	72768	186
0	9591	72832	187
0	9592	72870	186
0	9598	72896	187
0	9601	72940	186
0	9607	72960	187
0	9611	73024	188
0	9615	73088	189
0	9617	73152	190
0	9618	73184	189
0	9624	73216	190
0	9625	73232	189
0	9630	73249	188
0	9635	73266	187
0	9641	73280	188
0	9642	73297	187
0	9654	73344	188
0	9656	73408	189
0	9658	73472	190
0	9659	73477	189
0	9674	73536	190
0	9678	73600	191
0	9679	73638	190
0	9685	73664	191
0	9687	73728	192
0	9690	73774	191
0	9698	73792	192
0	9699	73818	191
0	9705	73856	192
0	9709	73920	193
0	9711	73928	192
0	9720	73984	193
0	9722	74048	194
0	9723	74063	193
0	9728	74107	192
0	9734	74112	193
0	9738	74176	194
0	9739	74229	193
0	9745	74240	194
0	9747	74304	195
0	9748	74368	194
0	9752	74368	195
0	9758	74432	196
0	9761	74486	195
0	9767	74496	196
0	9771	74560	197
0	9772	74597	196
0	9777	74605	195
0	9785	74624	196
0	9788	74669	195
0	9793	74678	194
0	9801	74688	195
0	9804	74728	194
0	9810	74752	195
0	9814	74816	196
0	9817	74869	195
0	9823	74880	196
0	9827	74944	197
0	9828	74952	196
0	9836	75007	195
0	9842	75008	196
0	9843	75031	195
0	9848	75068	194
0	9853	75072	195
0	9854	75084	194
0	9863	75136	195
0	9875	75200	196
0	9876	75238	195
0	9884	75264	196
0	9887	75310	195
0	9893	75328	196
0	9894	75332	195
0	9902	75392	196
0	9903	75408	195
0	9911	75456	196
0	9915	75520	197
0	9917	75584	198
0	9920	75647	197
0	9926	75648	198
0	9927	75657	197
0	9933	75712	198
0	9934	75724	197
0	9939	75749	196
0	9944	75776	197
0	9951	75840	198
0	9957	75904	199
0	9959	75968	200
0	9960	75984	199
0	9965	76026	198
0	9971	76032	199
0	9973	76096	200
0	9976	76155	199
0	9982	76160	200
0	9983	76200	199
0	9989	76224	200
0	9997	76288	201
0	9998	76291	200
0	10006	76352	201
0	10008	76416	202
0	10011	76437	201
0	10016	76447	200
0	10022	76480	201
0	10027	76544	202
0	10028	76583	201
0	10036	76608	202
0	10039	76653	201
0	10045	76672	202
0	10050	76735	201
0	10056	76736	202
0	10057	76747	201
0	10064	76785	200
0	10070	76800	201
0	10074	76864	202
0	10076	76928	203
0	10077	76965	202
0	10085	76992	203
0	10086	77018	202
0	10091	77019	201
0	10099	77056	202
0	10100	77084	201
0	10105	77096	200
0	10111	77120	201
0	10112	77158	200
0	10117	77184	201
0	10118	77213	200
0	10132	77248	201
0	10133	77267	200
0	10137	77279	199
0	10142	77312	200
0	10147	77376	201
0	10152	77440	202
0	10153	77457	201
0	10158	77504	202
0	10159	77521	201
0	10167	77568	202
0	10175	77632	203
0	10178	77668	202
0	10184	77696	203
0	10185	77736	202
0	10189	77748	201
0	10193	77757	200
0	10198	77760	201
0	10202	77798	200
0	10210	77824	201
0	10217	77871	200
0	10221	77888	199
0	10225	77888	200
0	10238	77952	201
0	10243	78000	202
0	10246	78001	201
0	10252	78016	202
0	10260	78063	201
0	10266	78080	202
0	10267	78118	201
0	10275	78144	202
0	10276	78182	201
0	10283	78202	200
0	10288	78208	201
0	10289	78209	200
0	10296	78250	199
0	10304	78272	200
0	10312	78323	199
0	10324	78336	200
0	10325	78339	199
0	10330	78346	198
0	10340	78400	199
0	10344	78464	200
0	10346	78528	201
0	10350	78592	202
0	10354	78656	203
0	10356	78720	204
0	10358	78784	205
0	10360	78848	206
0	10361	78869	205
0	10366	78904	204
0	10372	78912	205
0	10376	78976	206
0	10378	79040	207
0	10380	79104	208
0	10381	79155	207
0	10386	79168	206
0	10390	79168	207
0	10394	79232	208
0	10396	79296	209
0	10400	79360	210
0	10401	79389	209
0	10409	79424	210
0	10410	79486	209
0	10416	79488	210
0	10429	79552	211
0	10430	79576	210
0	10438	79616	211
0	10440	79680	212
0	10441	79699	211
0	10447	79744	212
0	10449	79808	213
0	10451	79872	214
0	10453	79936	215
0	10454	79943	214
0	10462	80000	215
0	10463	80039	214
0	10469	80064	215
0	10473	80128	216
0	10475	80192	217
0	10477	80256	218
0	10479	80320	219
0	10481	80384	220
0	10484	80445	219
0	10490	80448	220
0	10491	80482	219
0	10496	80485	218
0	10500	80510	217
0	10505	80512	218
0	10513	80576	219
0	10514	80601	218
0	10522	80640	219
0	10525	80692	218
0	10531	80704	219
0	10533	80768	220
0	10538	80824	219
0	10544	80832	220
0	10547	80884	219
0	10554	80890	218
0	10562	80896	219
0	10567	80957	218
0	10573	80960	219
0	10574	80979	218
0	10585	81024	219
0	10593	81088	220
0	10594	81104	219
0	10599	81106	218
0	10605	81152	219
0	10609	81216	220
0	10613	81280	221
0	10614	81330	220
0	10620	81344	221
0	10621	81405	220
0	10627	81408	221
0	10628	81414	220
0	10636	81472	221
0	10637	81479	220
0	10642	81507	219
0	10646	81512	218
0	10650	81525	217
0	10655	81536	218
0	10660	81600	219
0	10662	81664	220
0	10663	81677	219
0	10667	81682	218
0	10672	81728	219
0	10677	81792	220
0	10682	81856	221
0	10689	81912	220
0	10694	81920	221
0	10703	81984	222
0	10707	82048	223
0	10710	82093	222
0	10716	82112	223
0	10717	82116	222
0	10723	82176	223
0	10726	82197	222
0	10734	82240	223
0	10735	82282	222
0	10741	82304	223
0	10742	82330	222
0	10747	82340	221
0	10754	82361	220
0	10760	82368	221
0	10761	82374	220
0	10765	82384	219
0	10769	82389	218
0	10777	82432	219
0	10778	82442	218
0	10785	82466	217
0	10789	82486	216
0	10794	82496	217
0	10802	82560	218
0	10803	82585	217
0	10808	82624	218
0	10819	82688	219
0	10820	82717	218
0	10828	82752	219
0	10829	82796	218
0	10834	82816	219
0	10845	82880	220
0	10852	82944	221
0	10853	82967	220
0	10864	82998	219
0	10870	83008	220
0	10872	83072	221
0	10874	83136	222
0	10875	83191	221
0	10881	83200	222
0	10882	83245	221
0	10890	83264	222
0	10891	83283	221
0	10896	83310	220
0	10904	83328	221
0	10905	83374	220
0	10910	83392	221
0	10917	83456	222
0	10919	83520	223
0	10921	83584	224
0	10925	83648	225
0	10929	83712	226
0	10930	83771	225
0	10936	83776	226
0	10937	83816	225
0	10942	83824	224
0	10949	83831	223
0	10955	83840	224
0	10959	83904	225
0	10963	83968	226
0	10964	83976	225
0	10975	84000	226
0	10979	84032	227
0	10981	84096	228
0	10982	84117	227
0	10987	84120	226
0	10997	84160	227
0	10998	84202	226
0	11003	84224	227
0	11005	84288	228
0	11015	84352	229
0	11022	84416	228
0	11026	84416	229
0	11029	84421	228
0	11030	84421	227
0	11037	84439	226
0	11041	84447	225
0	11049	84480	226
0	11054	84544	227
0	11064	84608	228
0	11070	84672	229
0	11071	84707	228
0	11079	84736	229
0	11080	84791	228
0	11086	84800	229
0	11087	84816	228
0	11092	84825	227
0	11097	84837	226
0	11102	84864	227
0	11108	84922	226
0	11114	84928	227
0	11117	84952	226
0	11125	84992	227
0	11126	85026	226
0	11133	85032	225
0	11138	85034	224
0	11146	85056	225
0	11149	85106	224
0	11154	85119	223
0	11159	85120	224
0	11160	85145	223
0	11168	85184	224
0	11172	85234	223
0	11177	85248	224
0	11178	85253	223
0	11185	85288	222
0	11190	85312	223
0	11192	85376	224
0	11199	85389	223
0	11207	85440	224
0	11216	85504	225
0	11217	85567	224
0	11223	85568	225
0	11226	85600	224
0	11232	85632	225
0	11234	85696	226
0	11235	85721	225
0	11236	85721	224
0	11245	85760	225
0	11246	85785	224
0	11251	85824	225
0	11255	85881	224
0	11260	85888	225
0	11262	85952	226
0	11269	85995	225
0	11273	85997	224
0	11278	86016	225
0	11282	86044	224
0	11294	86080	225
0	11298	86144	226
0	11307	86208	227
0	11309	86272	228
0	11310	86293	227
0	11315	86309	226
0	11320	86325	225
0	11327	86331	224
0	11332	86336	225
0	11333	86368	224
1	0	0	0
1	6	0	1
1	54	402	0
1	678	6000	1
1	682	6027	0
1	1584	12000	1
1	1595	12063	0
1	2473	18000	1
1	2514	18204	0
1	3178	24000	1
1	3186	24026	0
1	3906	30000	1
1	3928	30220	0
1	4701	36000	1
1	4719	36158	0
1	5487	42000	1
1	5489	42021	0
1	6331	48000	1
1	6349	48119	0
1	7052	54000	1
1	7056	54033	0
1	7929	60000	1
1	7982	60400	0
1	8716	66000	1
1	8718	66002	0
1	9492	72000	1
1	9500	72055	0
1	10244	78000	1
1	10253	78020	0
1	10976	84000	1
1	10992	84156	0
2	0	0	0
2	471	4208	1
2	472	4216	0
2	685	6027	1
2	688	6110	0
2	711	6263	1
2	717	6327	2
2	718	6328	1
2	723	6337	0
2	745	6410	1
2	749	6428	2
2	750	6446	1
2	755	6478	0
2	761	6490	1
2	765	6499	2
2	766	6521	1
2	772	6527	2
2	775	6573	1
2	776	6573	0
2	905	7497	1
2	907	7500	0
2	924	7611	1
2	930	7678	2
2	936	7684	3
2	937	7688	2
2	942	7753	1
2	945	7757	0
2	993	8029	1
2	996	8074	0
2	1020	8200	1
2	1023	8258	0
2	1036	8292	1
2	1039	8344	0
2	1130	9038	1
2	1133	9054	0
2	1148	9138	1
2	1154	9157	2
2	1155	9178	1
2	1163	9257	2
2	1167	9258	3
2	1173	9289	4
2	1174	9308	3
2	1180	9317	4
2	1184	9331	5
2	1185	9332	4
2	1191	9343	5
2	1194	9373	4
2	1202	9419	5
2	1203	9420	4
2	1206	9443	3
2	1209	9445	2
2	1215	9457	3
2	1216	9458	2
2	1222	9459	3
2	1230	9554	4
2	1234	9567	5
2	1240	9620	6
2	1244	9627	7
2	1248	9644	8
2	1252	9648	9
2	1259	9653	10
2	1260	9653	11
2	1261	9654	10
2	1273	9807	11
2	1274	9850	10
2	1279	9877	9
2	1282	9890	8
2	1288	9892	9
2	1289	9898	8
2	1297	9980	9
2	1298	9983	8
2	1303	10011	7
2	1306	10025	6
2	1307	10025	5
2	1317	10101	6
2	1320	10130	5
2	1326	10132	6
2	1330	10172	7
2	1333	10193	6
2	1336	10201	5
2	1341	10247	4
2	1344	10261	3
2	1347	10294	2
2	1353	10303	3
2	1358	10372	2
2	1364	10412	3
2	1365	10426	2
2	1378	10553	3
2	1384	10568	4
2	1388	10592	5
2	1389	10598	4
2	1392	10602	3
2	1397	10651	2
2	1403	10681	3
2	1411	10755	4
2	1412	10781	3
2	1417	10822	2
2	1423	10841	3
2	1424	10847	2
2	1432	10902	3
2	1433	10925	2
2	1436	10929	1
2	1442	10934	2
2	1445	10954	1
2	1448	10965	0
2	1509	11404	1
2	1510	11428	0
2	1543	11627	1
2	1544	11646	0
2	1561	11719	1
2	1562	11750	0
2	1796	13447	1
2	1800	13457	2
2	1801	13463	1
2	1804	13465	0
2	1810	13469	1
2	1814	13471	2
2	1815	13476	1
2	1818	13477	0
2	1824	13488	1
2	1833	13513	2
2	1837	13520	3
2	1840	13591	2
2	1853	13657	3
2	1854	13661	2
2	1861	13746	1
2	1873	13798	2
2	1877	13805	3
2	1885	13855	4
2	1889	13864	5
2	1893	13880	6
2	1899	13890	7
2	1900	13896	6
2	1903	13942	5
2	1908	13972	4
2	1914	13991	5
2	1917	14033	4
2	1920	14041	3
2	1923	14057	2
2	1929	14060	3
2	1934	14174	2
2	1937	14195	1
2	1945	14244	2
2	1949	14253	3
2	1953	14271	4
2	1956	14274	3
2	1959	14281	2
2	1962	14301	1
2	1965	14307	0
2	2105	15365	1
2	2108	15427	0
2	2267	16697	1
2	2270	16740	0
2	2276	16753	1
2	2282	16777	2
2	2283	16793	1
2	2295	16829	2
2	2301	16835	3
2	2302	16836	2
2	2308	16845	3
2	2312	16880	4
2	2320	16988	5
2	2324	17002	6
2	2328	17005	7
2	2329	17017	6
2	2332	17019	5
2	2335	17021	4
2	2343	17033	5
2	2351	17172	6
2	2355	17200	7
2	2356	17206	6
2	2361	17225	5
2	2367	17252	6
2	2368	17260	5
2	2371	17273	4
2	2376	17302	3
2	2379	17328	2
2	2384	17392	1
2	2389	17432	0
2	2442	17837	1
2	2445	17865	0
2	2490	18027	1
2	2492	18048	0
2	2499	18080	1
2	2500	18085	0
2	2517	18204	1
2	2521	18207	2
2	2525	18209	3
2	2537	18323	4
2	2541	18335	5
2	2545	18340	6
2	2551	18360	7
2	2554	18388	6
2	2560	18414	7
2	2566	18441	8
2	2567	18444	7
2	2570	18445	6
2	2573	18447	5
2	2576	18448	4
2	2579	18457	3
2	2584	18506	2
2	2589	18594	1
2	2595	18609	2
2	2598	18666	1
2	2604	18681	2
2	2610	18695	3
2	2611	18729	2
2	2619	18784	3
2	2623	18803	4
2	2626	18848	3
2	2632	18871	4
2	2635	18917	3
2	2640	18957	2
2	2646	18964	3
2	2647	18965	2
2	2655	19044	3
2	2656	19055	2
2	2666	19142	3
2	2667	19161	2
2	2673	19188	3
2	2674	19192	2
2	2679	19228	1
2	2682	19237	0
2	2697	19304	1
2	2700	19332	0
2	2715	19395	1
2	2716	19415	0
2	2920	21207	1
2	2921	21235	0
2	3047	22329	1
2	3053	22337	2
2	3054	22361	1
2	3055	22361	0
2	3194	24041	1
2	3197	24076	0
2	3221	24221	1
2	3228	24269	0
2	3428	25896	1
2	3436	25989	2
2	3437	26006	1
2	3442	26050	0
2	3595	27364	1
2	3598	27395	0
2	3604	27412	1
2	3605	27442	0
2	3725	28507	1
2	3730	28526	0
2	3738	28544	1
2	3742	28568	2
2	3743	28585	1
2	3750	28640	0
2	3756	28657	1
2	3757	28671	0
2	3770	28696	1
2	3774	28711	2
2	3775	28726	1
2	3781	28733	2
2	3784	28741	1
2	3787	28747	0
2	4020	30699	1
2	4028	30728	2
2	4032	30732	3
2	4033	30750	2
2	4038	30786	1
2	4041	30787	0
2	4344	33224	1
2	4348	33261	2
2	4354	33307	3
2	4362	33418	4
2	4363	33459	3
2	4371	33480	4
2	4372	33481	3
2	4375	33517	2
2	4383	33536	3
2	4387	33573	4
2	4390	33613	3
2	4396	33636	4
2	4399	33686	3
2	4405	33715	4
2	4411	33780	5
2	4414	33794	4
2	4417	33823	3
2	4422	33878	2
2	4425	33906	1
2	4431	33907	2
2	4437	33983	3
2	4440	34028	2
2	4445	34050	1
2	4448	34060	0
2	4454	34074	1
2	4455	34077	0
2	4521	34622	1
2	4524	34662	0
2	4539	34737	1
2	4542	34754	0
2	4568	34958	1
2	4572	34988	2
2	4575	35015	1
2	4578	35041	0
2	4627	35279	1
2	4633	35352	2
2	4636	35394	1
2	4641	35466	0
2	4649	35522	1
2	4650	35581	0
2	4870	37266	1
2	4874	37278	2
2	4877	37317	1
2	4880	37338	0
2	5011	38336	1
2	5017	38412	2
2	5026	38480	3
2	5027	38480	4
2	5030	38547	3
2	5036	38640	2
2	5041	38640	3
2	5047	38668	4
2	5055	38784	5
2	5056	38822	4
2	5061	38884	3
2	5069	38919	4
2	5073	38920	5
2	5076	38982	4
2	5079	38987	3
2	5082	38992	2
2	5088	39024	1
2	5102	39093	2
2	5108	39109	3
2	5114	39222	4
2	5117	39264	3
2	5123	39274	4
2	5129	39298	5
2	5130	39299	4
2	5133	39334	3
2	5136	39353	2
2	5144	39397	3
2	5148	39422	4
2	5149	39423	3
2	5154	39441	2
2	5157	39464	1
2	5165	39510	2
2	5171	39562	3
2	5175	39586	4
2	5176	39589	3
2	5185	39607	4
2	5186	39607	5
2	5189	39641	4
2	5197	39722	5
2	5198	39727	4
2	5201	39733	3
2	5206	39762	2
2	5209	39800	1
2	5214	39829	0
2	5534	42449	1
2	5538	42454	2
2	5539	42461	1
2	5544	42519	0
2	5552	42594	1
2	5553	42622	0
2	5561	42639	1
2	5566	42756	0
2	5946	45639	1
2	5950	45666	2
2	5953	45702	1
2	5959	45710	2
2	5960	45711	1
2	5966	45753	2
2	5969	45769	1
2	5972	45807	0
2	5998	45977	1
2	6001	46024	0
2	6043	46330	1
2	6049	46348	2
2	6050	46360	1
2	6060	46470	2
2	6064	46489	3
2	6071	46505	4
2	6074	46530	3
2	6081	46541	2
2	6084	46550	1
2	6087	46555	0
2	6093	46557	1
2	6096	46596	0
2	6102	46643	1
2	6105	46648	0
2	6124	46791	1
2	6125	46829	0
2	6131	46831	1
2	6137	46852	2
2	6138	46881	1
2	6144	46891	2
2	6150	46939	3
2	6151	46943	2
2	6154	46948	1
2	6160	46950	2
2	6164	46973	3
2	6170	46999	4
2	6174	47001	5
2	6175	47027	4
2	6178	47028	3
2	6183	47053	2
2	6189	47069	3
2	6193	47080	4
2	6194	47083	3
2	6202	47134	4
2	6205	47178	3
2	6208	47200	2
2	6214	47211	3
2	6215	47213	2
2	6223	47238	3
2	6227	47260	4
2	6228	47263	3
2	6236	47340	4
2	6244	47478	5
2	6247	47540	4
2	6253	47580	3
2	6258	47580	4
2	6261	47618	3
2	6267	47630	4
2	6273	47680	5
2	6274	47702	4
2	6275	47702	3
2	6280	47705	2
2	6286	47711	3
2	6292	47757	4
2	6296	47770	5
2	6297	47791	4
2	6302	47843	3
2	6307	47881	2
2	6310	47932	1
2	6313	47933	0
2	6337	48002	1
2	6338	48020	0
2	6385	48237	1
2	6388	48265	0
2	6536	49862	1
2	6537	49864	0
2	6563	50109	1
2	6566	50141	0
2	6889	52764	1
2	6890	52767	0
2	6903	52789	1
2	6906	52834	0
2	6945	53196	1
2	6949	53201	2
2	6953	53212	3
2	6956	53260	2
2	6961	53314	1
2	6966	53412	0
2	7010	53752	1
2	7016	53763	2
2	7017	53783	1
2	7025	53837	2
2	7028	53890	1
2	7034	53910	2
2	7040	53964	3
2	7041	53965	2
2	7044	53996	1
2	7059	54033	2
2	7060	54052	1
2	7065	54086	0
2	7080	54172	1
2	7086	54238	2
2	7087	54261	1
2	7092	54274	0
2	7098	54282	1
2	7099	54321	0
2	7127	54405	1
2	7128	54410	0
2	7214	55114	1
2	7218	55134	2
2	7219	55142	1
2	7228	55306	0
2	7287	55612	1
2	7290	55677	0
2	7298	55680	1
2	7302	55695	2
2	7303	55699	1
2	7309	55722	2
2	7313	55729	3
2	7319	55795	4
2	7324	55802	3
2	7333	55896	2
2	7339	55913	3
2	7340	55915	2
2	7343	55926	1
2	7349	55927	2
2	7352	55940	1
2	7355	55962	0
2	7537	57151	1
2	7540	57188	0
2	7555	57256	1
2	7558	57303	0
2	7677	58230	1
2	7681	58250	0
2	7687	58250	1
2	7688	58262	0
2	7714	58469	1
2	7718	58477	2
2	7722	58487	3
2	7731	58504	4
2	7736	58522	3
2	7741	58543	2
2	7746	58575	1
2	7752	58604	2
2	7757	58702	1
2	7760	58749	0
2	7828	59389	1
2	7831	59393	0
2	7857	59616	1
2	7858	59639	0
2	7898	59828	1
2	7904	59845	2
2	7908	59867	3
2	7909	59903	2
2	7919	59971	3
2	7923	59973	4
2	7933	60041	3
2	7939	60057	4
2	7945	60097	5
2	7946	60114	4
2	7952	60114	5
2	7956	60133	6
2	7960	60138	7
2	7961	60159	6
2	7968	60253	5
2	7978	60355	6
2	7979	60371	5
2	7985	60400	6
2	7986	60411	5
2	7991	60472	4
2	7996	60482	3
2	7999	60542	2
2	8005	60543	3
2	8013	60559	4
2	8019	60564	5
2	8020	60583	4
2	8023	60604	3
2	8030	60658	2
2	8035	60674	1
2	8041	60693	2
2	8042	60701	1
2	8045	60721	0
2	8060	60771	1
2	8064	60779	2
2	8065	60783	1
2	8072	60867	0
2	8078	60871	1
2	8079	60898	0
2	8092	60925	1
2	8093	60927	0
2	8112	61111	1
2	8118	61139	2
2	8119	61154	1
2	8124	61200	0
2	8463	63576	1
2	8464	63576	2
2	8468	63596	3
2	8474	63634	4
2	8477	63714	3
2	8482	63751	2
2	8488	63752	3
2	8489	63756	2
2	8494	63818	1
2	8497	63847	0
2	8937	67992	1
2	8940	68037	0
2	9070	69033	1
2	9074	69053	2
2	9077	69058	1
2	9083	69076	2
2	9084	69087	1
2	9087	69118	0
2	9095	69126	1
2	9096	69148	0
2	9102	69167	1
2	9103	69169	0
2	9184	69821	1
2	9187	69831	0
2	9240	70250	1
2	9245	70341	0
2	9251	70364	1
2	9254	70431	0
2	9327	70927	1
2	9331	70954	2
2	9332	70968	1
2	9335	70971	0
2	9350	71036	1
2	9353	71059	0
2	9359	71063	1
2	9362	71120	0
2	9400	71288	1
2	9403	71301	0
2	9510	72073	1
2	9511	72086	0
2	9517	72109	1
2	9518	72119	0
2	9645	73297	1
2	9646	73305	0
2	9851	75068	1
2	9857	75084	2
2	9866	75151	1
2	9869	75152	0
2	9942	75749	1
2	9945	75830	0
2	10115	77158	1
2	10121	77213	2
2	10122	77216	1
2	10136	77267	2
2	10140	77279	3
2	10143	77315	2
2	10148	77433	1
2	10156	77457	2
2	10162	77521	3
2	10163	77525	2
2	10168	77575	1
2	10171	77632	0
2	10188	77736	1
2	10192	77748	2
2	10196	77757	3
2	10199	77769	2
2	10205	77798	3
2	10206	77808	2
2	10211	77844	1
2	10214	77867	0
2	10220	77871	1
2	10226	77888	2
2	10227	77917	1
2	10230	77935	0
2	10270	78118	1
2	10271	78144	0
2	10279	78182	1
2	10280	78190	0
2	10286	78202	1
2	10292	78209	2
2	10293	78231	1
2	10299	78250	2
2	10300	78254	1
2	10305	78283	0
2	10499	80485	1
2	10503	80510	2
2	10506	80535	1
2	10509	80560	0
2	10517	80601	1
2	10518	80604	0
2	10645	81507	1
2	10649	81512	2
2	10653	81525	3
2	10656	81587	2
2	10666	81677	3
2	10670	81682	4
2	10673	81762	3
2	10678	81847	2
2	10683	81869	1
2	10686	81884	0
2	10692	81912	1
2	10695	81922	0
2	10764	82374	1
2	10768	82384	2
2	10772	82389	3
2	10773	82394	2
2	10781	82442	3
2	10782	82448	2
2	10788	82466	3
2	10792	82486	4
2	10798	82533	3
2	10806	82585	4
2	10815	82646	3
2	10823	82717	4
2	10824	82726	3
2	10832	82796	4
2	10835	82847	3
2	10838	82854	2
2	10841	82856	1
2	10846	82903	0
2	10899	83310	1
2	10900	83313	0
2	10908	83374	1
2	10911	83398	0
2	10995	84156	1
2	11001	84202	2
2	11006	84324	1
2	11009	84326	0
2	11035	84421	1
2	11036	84421	2
2	11040	84439	3
2	11044	84447	4
2	11045	84470	3
2	11050	84492	2
2	11055	84556	1
2	11058	84584	0
2	11100	84837	1
2	11103	84867	0
2	11141	85034	1
2	11142	85052	0
2	11157	85119	1
2	11163	85145	2
2	11164	85151	1
2	11169	85223	0
2	11175	85234	1
2	11181	85253	2
2	11182	85280	1
2	11188	85288	2
2	11193	85379	1
2	11196	85379	0
2	11202	85389	1
2	11203	85409	0
2	11242	85721	1
2	11249	85785	2
2	11252	85861	1
2	11258	85881	2
2	11263	85985	1
2	11266	85987	0
2	11272	85995	1
2	11276	85997	2
2	11279	86042	1
2	11285	86044	2
2	11286	86060	1
2	11299	86155	0
2	11323	86325	1
2	11324	86329	0
2	11330	86331	1
2	11336	86368	2
3	0	0	0
4	27	142	78
4	40	231	103
4	60	431	431
4	62	447	447
4	67	487	167
4	87	619	619
4	96	675	227
4	100	754	370
4	111	841	585
4	113	868	356
4	120	894	894
4	126	982	790
4	154	1179	539
4	158	1230	654
4	174	1347	579
4	178	1419	587
4	182	1480	776
4	193	1577	77
4	200	1594	570
4	204	1607	647
4	219	1910	758
4	237	2063	847
4	239	2103	1015
4	264	2344	936
4	273	2375	1031
4	275	2412	876
4	284	2470	1190
4	305	2610	882
4	314	2665	1001
4	318	2740	1844
4	324	2829	1357
4	333	2881	961
4	349	3107	1315
4	360	3230	1182
4	362	3261	1277
4	373	3332	1732
4	382	3445	1333
4	397	3528	528
4	403	3709	1405
4	428	3907	1731
4	435	3954	1586
4	439	4019	1779
4	462	4182	1558
4	473	4216	1400
4	480	4305	2449
4	489	4384	1952
4	493	4424	1928
4	495	4479	1599
4	507	4541	1789
4	515	4565	1877
4	517	4570	70
4	547	4843	1835
4	556	4902	1830
4	565	4932	1796
4	567	4944	2000
4	576	5001	1801
4	578	5050	1722
4	582	5119	1727
4	605	5301	2037
4	611	5436	2876
4	629	5580	2124
4	631	5619	1843
4	635	5647	2127
4	658	5856	2144
4	689	6110	2142
4	696	6142	2238
4	700	6168	168
4	719	6328	328
4	724	6337	2497
4	727	6337	2049
4	729	6339	2307
4	751	6446	2286
4	756	6478	1998
4	767	6521	2873
4	777	6573	2989
4	779	6573	2477
4	782	6581	2165
4	793	6684	2332
4	795	6689	2081
4	811	6794	2570
4	818	6812	2140
4	825	6845	2109
4	829	6860	1932
4	831	6872	2328
4	833	6892	2092
4	851	7044	2052
4	855	7117	2061
4	866	7257	2137
4	873	7294	2046
4	909	7500	1996
4	915	7569	1937
4	938	7688	2312
4	943	7753	2889
4	946	7757	2317
4	949	7759	2575
4	951	7771	2075
4	965	7825	1873
4	967	7836	2076
4	973	7866	366
4	997	8074	2506
4	1000	8114	1970
4	1009	8146	2146
4	1024	8258	2370
4	1027	8264	2952
4	1040	8344	2328
4	1043	8349	1885
4	1045	8364	2540
4	1063	8527	2447
4	1070	8561	2289
4	1081	8664	2264
4	1083	8689	2161
4	1087	8734	2526
4	1114	9011	2419
4	1132	9044	44
4	1134	9054	2718
4	1137	9071	2095
4	1156	9178	2266
4	1175	9308	2588
4	1186	9332	2164
4	1195	9373	2141
4	1204	9420	2124
4	1207	9443	2659
4	1210	9445	2789
4	1217	9458	1906
4	1262	9654	2614
4	1275	9850	2746
4	1280	9877	2389
4	1283	9890	3042
4	1290	9898	2090
4	1299	9983	2367
4	1304	10011	2267
4	1308	10025	2153
4	1310	10025	2665
4	1321	10130	2130
4	1334	10193	2769
4	1337	10201	2073
4	1342	10247	1863
4	1345	10261	2581
4	1348	10294	2102
4	1359	10372	2116
4	1366	10426	1978
4	1390	10598	2278
4	1393	10602	1834
4	1398	10651	2011
4	1413	10781	2845
4	1418	10822	2246
4	1425	10847	2143
4	1434	10925	2861
4	1437	10929	1841
4	1446	10954	2442
4	1449	10965	2005
4	1452	10981	2149
4	1461	11051	1707
4	1470	11115	1899
4	1476	11133	1853
4	1480	11136	636
4	1498	11365	2213
4	1511	11428	1828
4	1514	11455	2431
4	1525	11578	2106
4	1527	11583	2175
4	1545	11646	1982
4	1550	11655	2759
4	1563	11750	1766
4	1566	11761	2225
4	1568	11770	1978
4	1572	11814	1958
4	1594	12050	1874
4	1601	12087	2167
4	1621	12172	1932
4	1623	12185	185
4	1625	12201	1897
4	1650	12423	423
4	1654	12485	2437
4	1656	12507	2011
4	1670	12595	2867
4	1674	12615	2247
4	1676	12634	2202
4	1692	12767	2143
4	1713	12886	2198
4	1715	12898	1954
4	1717	12917	2805
4	1738	13051	2171
4	1747	13099	1899
4	1749	13118	2046
4	1753	13130	1994
4	1767	13236	2228
4	1785	13392	2000
4	1802	13463	2199
4	1805	13465	2713
4	1816	13476	2660
4	1819	13477	2917
4	1841	13591	2263
4	1855	13661	2141
4	1860	13728	1728
4	1862	13746	2034
4	1881	13840	340
4	1901	13896	2248
4	1904	13942	2358
4	1909	13972	2132
4	1918	14033	2257
4	1921	14041	2585
4	1924	14057	1833
4	1935	14174	2078
4	1938	14195	1907
4	1957	14274	2370
4	1960	14281	1865
4	1963	14301	1757
4	1966	14307	1827
4	1969	14321	1969
4	1975	14412	2380
4	1984	14495	1695
4	1986	14497	2529
4	2004	14692	2532
4	2006	14710	2038
4	2022	14825	1833
4	2024	14830	2222
4	2026	14832	1904
4	2057	15014	1830
4	2061	15046	1734
4	2069	15108	1988
4	2076	15166	166
4	2080	15223	2359
4	2109	15427	2051
4	2114	15515	2075
4	2121	15524	2020
4	2123	15532	2796
4	2132	15569	2321
4	2134	15579	2523
4	2140	15707	1947
4	2163	15921	2289
4	2167	15958	2134
4	2185	16164	2596
4	2194	16198	2502
4	2201	16204	2124
4	2203	16215	2071
4	2205	16229	2213
4	2225	16460	2124
4	2232	16479	2271
4	2256	16630	2038
4	2271	16740	2788
4	2284	16793	2905
4	2291	16818	318
4	2303	16836	2436
4	2330	17017	2233
4	2333	17019	2555
4	2336	17021	2749
4	2357	17206	2550
4	2362	17225	2505
4	2369	17260	2284
4	2372	17273	2745
4	2377	17302	2134
4	2380	17328	2224
4	2385	17392	2480
4	2390	17432	2584
4	2393	17433	2393
4	2402	17510	2278
4	2406	17582	2158
4	2410	17615	2127
4	2412	17625	2265
4	2446	17865	2313
4	2449	17919	2623
4	2458	17982	2238
4	2467	17992	2312
4	2482	18018	2402
4	2494	18048	1984
4	2501	18085	2213
4	2504	18086	1958
4	2547	18344	344
4	2555	18388	2580
4	2568	18444	2124
4	2571	18445	2253
4	2574	18447	2063
4	2577	18448	2448
4	2580	18457	2521
4	2585	18506	1994
4	2590	18594	2018
4	2599	18666	2026
4	2612	18729	729
4	2627	18848	2144
4	2636	18917	2021
4	2641	18957	2125
4	2648	18965	1877
4	2657	19055	1839
4	2668	19161	2009
4	2675	19192	1912
4	2680	19228	1884
4	2683	19237	2277
4	2686	19258	1786
4	2701	19332	3076
4	2704	19350	2582
4	2717	19415	2007
4	2720	19424	1696
4	2724	19471	1871
4	2726	19490	3042
4	2740	19586	2562
4	2742	19633	2097
4	2755	19711	211
4	2759	19738	1946
4	2785	20166	2310
4	2792	20192	2192
4	2794	20220	2172
4	2828	20547	2627
4	2830	20549	2437
4	2844	20637	2653
4	2848	20710	2470
4	2855	20729	2297
4	2857	20731	3067
4	2865	20892	2396
4	2876	20994	2434
4	2911	21185	2881
4	2922	21235	2355
4	2925	21240	3064
4	2929	21262	262
4	2931	21275	2523
4	2940	21322	2506
4	2942	21341	2973
4	2944	21357	2413
4	2960	21496	2488
4	2980	21746	3122
4	2984	21798	2726
4	2995	21897	2633
4	3018	22115	3427
4	3020	22132	2740
4	3024	22159	3023
4	3056	22361	2905
4	3058	22361	2713
4	3061	22396	2620
4	3065	22406	3078
4	3072	22518	2678
4	3074	22522	3322
4	3082	22567	67
4	3099	22884	2980
4	3125	23299	3587
4	3140	23599	3503
4	3144	23670	4086
4	3171	23970	4450
4	3198	24076	3916
4	3201	24093	4061
4	3210	24161	161
4	3229	24269	4301
4	3232	24318	3710
4	3236	24327	327
4	3238	24382	4030
4	3242	24391	4103
4	3249	24395	3851
4	3251	24442	4026
4	3262	24541	4061
4	3273	24692	3892
4	3289	24795	4059
4	3291	24820	4148
4	3307	24912	3856
4	3331	25334	4470
4	3347	25435	4443
4	3354	25468	4540
4	3363	25540	5316
4	3370	25571	4259
4	3380	25697	197
4	3389	25771	4331
4	3403	25826	4642
4	3405	25831	4327
4	3412	25852	4604
4	3438	26006	4438
4	3443	26050	4418
4	3446	26052	4228
4	3448	26058	4298
4	3457	26169	5049
4	3459	26170	4474
4	3473	26204	4316
4	3475	26238	4222
4	3491	26337	4257
4	3493	26349	4077
4	3502	26380	4044
4	3506	26434	5058
4	3522	26587	4187
4	3524	26623	4671
4	3537	26762	4234
4	3546	26836	4692
4	3563	27132	132
4	3599	27395	4675
4	3606	27442	5234
4	3611	27474	4498
4	3618	27515	4667
4	3627	27536	4880
4	3634	27553	4385
4	3645	27678	5086
4	3647	27694	4590
4	3649	27696	4912
4	3661	27976	5512
4	3679	28163	4867
4	3695	28305	5073
4	3697	28306	5394
4	3731	28526	4910
4	3744	28585	5225
4	3747	28593	93
4	3751	28640	5600
4	3758	28671	4799
4	3776	28726	5046
4	3785	28741	4805
4	3788	28747	4747
4	3791	28785	5361
4	3795	28839	4711
4	3809	28894	4830
4	3811	28908	5420
4	3813	28923	4923
4	3819	29048	5496
4	3839	29300	5492
4	3843	29333	5077
4	3845	29374	5630
4	3861	29459	5267
4	3863	29460	5076
4	3890	29775	5263
4	3896	29906	5586
4	3898	29919	5471
4	3918	30116	5412
4	3941	30296	5400
4	3945	30376	376
4	3961	30492	5660
4	3965	30552	5528
4	3974	30602	5514
4	3990	30635	5419
4	4002	30649	6073
4	4009	30651	5883
4	4023	30720	720
4	4034	30750	5790
4	4039	30786	5506
4	4042	30787	5315
4	4045	30847	5311
4	4054	30862	5198
4	4056	30895	5487
4	4067	31011	6371
4	4069	31037	5693
4	4075	31161	6009
4	4100	31386	5530
4	4112	31413	5813
4	4116	31443	5651
4	4123	31513	5593
4	4130	31543	5559
4	4138	31553	53
4	4152	31619	5379
4	4161	31703	5399
4	4165	31774	5598
4	4186	31913	5801
4	4195	31961	5529
4	4197	31995	5371
4	4201	32017	6289
4	4205	32067	5507
4	4219	32167	6119
4	4235	32316	5564
4	4239	32325	5509
4	4241	32353	5857
4	4256	32637	5757
4	4279	32790	5782
4	4281	32801	6433
4	4297	32927	5983
4	4299	32934	5734
4	4326	33183	183
4	4333	33197	5933
4	4364	33459	6387
4	4373	33481	6345
4	4376	33517	6189
4	4391	33613	6221
4	4400	33686	6998
4	4415	33794	6338
4	4418	33823	6047
4	4423	33878	6230
4	4426	33906	6194
4	4441	34028	6508
4	4446	34050	6082
4	4449	34060	5964
4	4456	34077	6237
4	4459	34086	6054
4	4468	34159	6575
4	4481	34337	6113
4	4483	34344	5864
4	4485	34365	6013
4	4507	34583	83
4	4525	34662	6502
4	4528	34671	5935
4	4543	34754	6850
4	4546	34764	6348
4	4548	34805	6517
4	4576	35015	6407
4	4579	35041	6049
4	4582	35042	6498
4	4584	35063	6391
4	4598	35124	6324
4	4602	35183	5935
4	4611	35227	6107
4	4637	35394	6530
4	4642	35466	6090
4	4651	35581	6397
4	4656	35611	6171
4	4665	35654	5958
4	4667	35664	6736
4	4681	35721	6409
4	4683	35743	5983
4	4685	35751	6183
4	4693	35950	6318
4	4718	36151	6327
4	4727	36173	6221
4	4737	36288	6784
4	4744	36299	299
4	4746	36303	303
4	4760	36408	6408
4	4769	36459	6571
4	4778	36508	7452
4	4787	36558	6286
4	4796	36649	6441
4	4819	36839	6439
4	4821	36849	6769
4	4837	36988	6460
4	4841	36995	6531
4	4859	37210	6618
4	4878	37317	6981
4	4881	37338	6682
4	4884	37343	6623
4	4886	37352	6568
4	4888	37357	6509
4	4909	37507	6403
4	4911	37543	6567
4	4915	37578	7434
4	4947	37769	6857
4	4949	37770	6474
4	4952	37824	324
4	4955	37826	7810
4	4969	37897	6537
4	4980	38034	6610
4	4984	38103	6935
4	5031	38547	6931
4	5039	38640	6896
4	5057	38822	7270
4	5062	38884	7652
4	5077	38982	7174
4	5080	38987	7307
4	5083	38992	7504
4	5089	39024	7152
4	5098	39051	51
4	5118	39264	8224
4	5131	39299	6979
4	5134	39334	7206
4	5137	39353	7161
4	5150	39423	7423
4	5155	39441	6993
4	5158	39464	7080
4	5177	39589	6885
4	5190	39641	7129
4	5199	39727	6959
4	5202	39733	7669
4	5207	39762	6802
4	5210	39800	6904
4	5215	39829	7893
4	5218	39851	6827
4	5220	39871	7231
4	5224	39886	7310
4	5228	39947	6859
4	5249	40092	7260
4	5251	40098	6754
4	5264	40284	7068
4	5266	40298	7018
4	5293	40556	56
4	5302	40595	8339
4	5304	40600	7448
4	5320	40723	6995
4	5331	40859	7259
4	5340	40953	7545
4	5356	41032	7560
4	5358	41039	7503
4	5370	41085	7293
4	5374	41099	7435
4	5388	41186	7330
4	5392	41274	7354
4	5398	41378	7330
4	5414	41514	7530
4	5428	41590	7350
4	5430	41594	7226
4	5444	41628	7132
4	5446	41649	7473
4	5448	41660	7356
4	5452	41697	7585
4	5463	41818	7194
4	5479	41964	7276
4	5501	42217	7657
4	5509	42287	287
4	5540	42461	461
4	5545	42519	7447
4	5554	42622	7742
4	5567	42756	8004
4	5572	42827	7627
4	5574	42837	8405
4	5578	42881	7745
4	5580	42936	8120
4	5593	43085	8141
4	5619	43260	7740
4	5623	43284	7892
4	5625	43310	7854
4	5638	43472	8144
4	5652	43643	8635
4	5663	43774	8062
4	5671	43821	321
4	5687	43956	8692
4	5706	44031	8255
4	5710	44041	8457
4	5712	44077	8077
4	5721	44117	8277
4	5730	44215	8311
4	5739	44286	8638
4	5743	44302	8334
4	5764	44438	8022
4	5766	44458	8170
4	5777	44570	8346
4	5784	44577	8481
4	5795	44673	8321
4	5802	44720	8048
4	5811	44795	8763
4	5815	44812	8652
4	5837	44938	8394
4	5848	45003	8523
4	5852	45069	8141
4	5863	45096	8360
4	5870	45100	8492
4	5872	45119	8063
4	5876	45143	143
4	5888	45169	7985
4	5894	45287	8487
4	5903	45358	8494
4	5916	45530	8538
4	5923	45554	8114
4	5954	45702	8390
4	5961	45711	8463
4	5970	45769	8393
4	5973	45807	8175
4	5976	45822	8126
4	5980	45824	8000
4	6002	46024	8264
4	6005	46048	8032
4	6007	46061	8173
4	6011	46093	8973
4	6013	46094	8590
4	6051	46360	8792
4	6075	46530	8258
4	6082	46541	8397
4	6085	46550	8342
4	6088	46555	8027
4	6097	46596	8132
4	6104	46647	147
4	6106	46648	7992
4	6111	46663	8583
4	6126	46829	8429
4	6139	46881	8161
4	6152	46943	8991
4	6155	46948	8036
4	6176	47027	8243
4	6179	47028	8180
4	6184	47053	8461
4	6195	47083	8747
4	6206	47178	8074
4	6209	47200	8160
4	6216	47213	8045
4	6229	47263	8031
4	6248	47540	7924
4	6256	47580	8092
4	6262	47618	7938
4	6276	47702	8726
4	6278	47702	8150
4	6281	47705	7769
4	6298	47791	8367
4	6303	47843	7843
4	6308	47881	7753
4	6311	47932	8188
4	6314	47933	7677
4	6319	47968	8672
4	6339	48020	8212
4	6344	48084	8212
4	6346	48110	8046
4	6348	48116	7924
4	6357	48142	8782
4	6374	48182	7606
4	6389	48265	7945
4	6394	48363	7851
4	6398	48443	7803
4	6406	48466	8018
4	6408	48511	511
4	6414	48599	599
4	6437	48788	7956
4	6446	48876	8172
4	6464	49083	8187
4	6470	49175	8087
4	6474	49241	8857
4	6484	49492	8724
4	6507	49614	114
4	6516	49671	8455
4	6538	49864	8520
4	6543	49923	8771
4	6554	50058	9098
4	6567	50141	8669
4	6570	50165	8757
4	6579	50220	8620
4	6581	50234	8698
4	6585	50279	8487
4	6606	50428	9404
4	6610	50457	8793
4	6624	50525	8797
4	6626	50550	9270
4	6630	50565	8565
4	6637	50622	8638
4	6641	50681	8569
4	6650	50716	8540
4	6671	50879	8639
4	6682	50971	9115
4	6699	51043	8547
4	6708	51084	8780
4	6710	51134	8766
4	6719	51175	8551
4	6721	51192	9144
4	6734	51246	246
4	6745	51337	8585
4	6761	51485	8605
4	6763	51519	9599
4	6769	51636	8820
4	6771	51645	9213
4	6784	51790	8846
4	6806	52141	9069
4	6815	52199	9639
4	6831	52291	9027
4	6842	52434	9746
4	6846	52495	9487
4	6862	52598	98
4	6871	52658	9138
4	6891	52767	9311
4	6894	52785	9649
4	6907	52834	9058
4	6912	52913	9329
4	6921	52965	9637
4	6923	52980	9332
4	6957	53260	9868
4	6962	53314	9410
4	6967	53412	9444
4	6970	53416	9256
4	6976	53519	9807
4	6985	53617	9329
4	6987	53623	9783
4	7018	53783	10583
4	7029	53890	9794
4	7042	53965	9549
4	7045	53996	9644
4	7061	54052	9380
4	7066	54086	10054
4	7069	54100	9364
4	7088	54261	9717
4	7093	54274	9474
4	7100	54321	10097
4	7103	54325	9717
4	7116	54383	383
4	7129	54410	9418
4	7132	54457	9529
4	7134	54458	458
4	7138	54519	9271
4	7142	54562	10082
4	7151	54610	9554
4	7165	54669	9293
4	7172	54701	9837
4	7190	54864	9680
4	7194	54962	9650
4	7220	55142	10022
4	7229	55306	9866
4	7234	55388	9884
4	7238	55440	9616
4	7250	55487	9727
4	7257	55544	9912
4	7264	55551	9471
4	7268	55564	9996
4	7291	55677	9725
4	7304	55699	9683
4	7325	55802	9914
4	7330	55835	335
4	7334	55896	9432
4	7341	55915	9515
4	7344	55926	9718
4	7353	55940	10244
4	7356	55962	9626
4	7359	55966	9374
4	7361	55991	9463
4	7374	56167	9511
4	7376	56174	9902
4	7378	56178	9458
4	7392	56244	10100
4	7401	56258	9410
4	7420	56377	9337
4	7424	56423	9255
4	7433	56450	9474
4	7444	56619	9835
4	7462	56792	9688
4	7464	56815	9903
4	7473	56841	9353
4	7482	56909	9293
4	7489	56928	9248
4	7512	57048	9624
4	7516	57091	91
4	7518	57100	9548
4	7541	57188	9828
4	7544	57196	9900
4	7559	57303	9367
4	7562	57320	9256
4	7571	57372	9372
4	7573	57397	9205
4	7577	57443	9699
4	7586	57506	9634
4	7591	57540	9732
4	7592	57540	10308
4	7609	57728	9472
4	7624	57834	9706
4	7628	57857	9409
4	7637	57965	9965
4	7646	58002	9490
4	7662	58152	9512
4	7683	58250	9930
4	7689	58262	9878
4	7692	58265	9433
4	7703	58373	9605
4	7737	58522	9946
4	7740	58538	38
4	7742	58543	9647
4	7747	58575	9871
4	7758	58702	9614
4	7761	58749	9597
4	7766	58756	9412
4	7768	58757	9349
4	7777	58820	9860
4	7779	58866	9330
4	7796	59146	9674
4	7804	59200	9984
4	7832	59393	9793
4	7835	59437	9773
4	7839	59468	9740
4	7859	59639	10615
4	7862	59646	9662
4	7866	59651	10371
4	7868	59653	9733
4	7877	59732	9684
4	7910	59903	10047
4	7934	60041	9929
4	7948	60114	9938
4	7962	60159	9727
4	7969	60253	9757
4	7980	60371	10579
4	7987	60411	10171
4	7992	60472	9912
4	7997	60482	9730
4	8000	60542	10174
4	8021	60583	10279
4	8024	60604	9788
4	8029	60645	645
4	8031	60658	658
4	8036	60674	9794
4	8043	60701	9629
4	8046	60721	9713
4	8049	60732	9468
4	8066	60783	9583
4	8073	60867	10243
4	8080	60898	9570
4	8083	60917	9973
4	8094	60927	9343
4	8099	60938	10250
4	8120	61154	9634
4	8125	61200	9488
4	8128	61202	9810
4	8132	61257	9801
4	8141	61360	9712
4	8150	61396	10260
4	8152	61402	9626
4	8161	61478	9638
4	8186	61632	9728
4	8199	61696	9536
4	8202	61731	9635
4	8206	61776	9552
4	8208	61785	285
4	8210	61794	9506
4	8226	61953	9537
4	8232	62040	10072
4	8245	62220	9676
4	8256	62359	9751
4	8272	62466	9986
4	8291	62535	10503
4	8293	62555	9819
4	8300	62569	9641
4	8307	62577	10225
4	8321	62594	9602
4	8330	62716	9660
4	8339	62755	9507
4	8343	62787	10115
4	8345	62816	9632
4	8361	62973	9853
4	8365	62988	10124
4	8386	63088	88
4	8395	63135	9567
4	8399	63210	9706
4	8408	63263	9823
4	8415	63337	9705
4	8424	63358	9982
4	8433	63370	9610
4	8452	63518	10718
4	8478	63714	9890
4	8483	63751	9799
4	8490	63756	10060
4	8495	63818	9802
4	8498	63847	9703
4	8503	63889	10577
4	8505	63914	10026
4	8507	63926	9846
4	8518	64029	9629
4	8542	64086	10086
4	8544	64089	9561
4	8546	64119	9655
4	8555	64172	9964
4	8563	64376	10104
4	8577	64508	10172
4	8589	64687	187
4	8606	64984	10264
4	8612	65151	10367
4	8630	65331	10419
4	8646	65465	10489
4	8660	65526	10422
4	8669	65574	10534
4	8680	65669	10373
4	8684	65770	10602
4	8688	65817	11161
4	8690	65825	11233
4	8697	65836	10988
4	8708	65974	10486
4	8726	66084	84
4	8732	66105	105
4	8759	66407	11047
4	8761	66415	10991
4	8763	66421	10869
4	8784	66816	11200
4	8812	67024	11152
4	8814	67028	11348
4	8818	67115	11307
4	8825	67127	11895
4	8836	67229	11293
4	8838	67232	11232
4	8866	67444	11380
4	8873	67503	11119
4	8877	67568	11824
4	8881	67591	11399
4	8910	67902	402
4	8919	67931	11611
4	8921	67939	11491
4	8941	68037	11461
4	8944	68045	11789
4	8946	68058	11226
4	8953	68095	11583
4	8962	68119	11991
4	8964	68130	11426
4	8970	68231	11591
4	8977	68261	11301
4	9011	68630	11734
4	9013	68638	11550
4	9020	68655	11631
4	9035	68736	11968
4	9038	68774	11430
4	9042	68846	11694
4	9078	69058	11586
4	9085	69087	11679
4	9088	69118	11518
4	9097	69148	11484
4	9104	69169	11441
4	9107	69179	11195
4	9111	69223	11367
4	9118	69239	11319
4	9126	69255	12039
4	9139	69444	444
4	9148	69528	11480
4	9152	69583	12303
4	9173	69752	11960
4	9188	69831	11527
4	9191	69848	12312
4	9193	69883	11771
4	9199	69971	11731
4	9201	69992	11560
4	9222	70107	11547
4	9246	70341	12165
4	9255	70431	12063
4	9258	70445	11501
4	9260	70448	11952
4	9262	70450	11826
4	9278	70604	11788
4	9280	70613	11861
4	9314	70884	12196
4	9317	70905	405
4	9333	70968	11640
4	9336	70971	11899
4	9341	70991	11599
4	9354	71059	11795
4	9363	71120	12112
4	9366	71137	11937
4	9368	71147	11691
4	9377	71206	12326
4	9384	71213	11501
4	9404	71301	11525
4	9407	71316	11476
4	9414	71350	12214
4	9428	71373	11469
4	9435	71398	11814
4	9439	71448	11448
4	9448	71502	11982
4	9450	71541	11509
4	9452	71550	11582
4	9456	71574	11350
4	9471	71869	11709
4	9512	72086	12438
4	9519	72119	12023
4	9528	72143	11791
4	9535	72184	184
4	9544	72254	254
4	9548	72256	11584
4	9550	72261	11717
4	9559	72323	12035
4	9561	72336	11536
4	9569	72524	12108
4	9585	72696	12088
4	9600	72911	12175
4	9609	73017	12153
4	9613	73068	12012
4	9647	73305	11993
4	9650	73306	12826
4	9652	73324	12076
4	9669	73507	12323
4	9676	73544	44
4	9689	73756	12828
4	9696	73782	12790
4	9707	73886	12446
4	9712	73928	12808
4	9718	73965	12269
4	9736	74128	12368
4	9756	74431	12799
4	9760	74450	13074
4	9769	74524	12956
4	9783	74616	13112
4	9787	74641	12625
4	9799	74680	12408
4	9803	74694	12870
4	9812	74815	12927
4	9816	74849	12897
4	9825	74882	12738
4	9865	75143	143
4	9867	75151	12751
4	9870	75152	12560
4	9873	75199	12735
4	9882	75247	13039
4	9886	75289	13209
4	9900	75334	12806
4	9909	75425	12577
4	9913	75477	12693
4	9919	75633	12977
4	9946	75830	13494
4	9949	75833	12921
4	9953	75868	12828
4	9955	75902	12798
4	9975	76123	12763
4	9991	76239	13519
4	9993	76282	12986
4	9995	76285	13117
4	10004	76330	12906
4	10010	76435	12947
4	10034	76590	12974
4	10038	76621	12877
4	10047	76682	13002
4	10049	76706	13474
4	10063	76759	12823
4	10072	76811	12939
4	10083	76979	14003
4	10097	77029	13029
4	10123	77216	13024
4	10130	77243	743
4	10144	77315	13763
4	10149	77433	13625
4	10164	77525	13269
4	10169	77575	13511
4	10173	77632	13504
4	10177	77646	13326
4	10200	77769	13193
4	10207	77808	13104
4	10212	77844	13396
4	10215	77867	13355
4	10228	77917	12957
4	10231	77935	13103
4	10234	77938	13298
4	10236	77951	13055
4	10259	78034	13650
4	10273	78144	144
4	10281	78190	13102
4	10294	78231	13079
4	10301	78254	13038
4	10306	78283	13003
4	10309	78286	13518
4	10311	78307	13283
4	10318	78326	12726
4	10336	78347	12811
4	10338	78398	12990
4	10342	78417	417
4	10348	78535	13063
4	10352	78596	12932
4	10374	78963	13235
4	10398	79319	13527
4	10407	79399	13399
4	10421	79518	13662
4	10427	79547	47
4	10437	79616	13696
4	10460	79958	13910
4	10471	80107	13995
4	10483	80435	14259
4	10507	80535	14551
4	10510	80560	14000
4	10519	80604	14236
4	10524	80683	14379
4	10535	80777	14281
4	10537	80784	14544
4	10546	80869	14117
4	10553	80889	14265
4	10560	80894	14014
4	10564	80930	14242
4	10566	80948	14516
4	10580	80982	14166
4	10587	81052	13980
4	10607	81164	164
4	10611	81250	14114
4	10634	81447	16103
4	10657	81587	14643
4	10674	81762	14434
4	10679	81847	14647
4	10684	81869	14605
4	10687	81884	14300
4	10696	81922	14914
4	10699	81945	14425
4	10701	81952	14496
4	10705	81986	14210
4	10709	82060	14348
4	10725	82183	14791
4	10732	82230	14582
4	10753	82353	14513
4	10774	82394	14426
4	10783	82448	14224
4	10799	82533	14245
4	10814	82640	140
4	10816	82646	14550
4	10825	82726	14310
4	10836	82847	14943
4	10839	82854	14694
4	10842	82856	14504
4	10847	82903	14295
4	10850	82925	14253
4	10859	82969	14425
4	10861	82993	14961
4	10863	82996	14132
4	10886	83245	14189
4	10901	83313	14513
4	10912	83398	14150
4	10915	83445	14325
4	10923	83586	14850
4	10927	83672	14360
4	10948	83827	15347
4	10957	83877	14693
4	10961	83914	14986
4	10970	83998	14558
4	11007	84324	14948
4	11010	84326	14822
4	11013	84335	335
4	11021	84385	385
4	11046	84470	15478
4	11051	84492	14732
4	11056	84556	14604
4	11059	84584	14888
4	11062	84589	14701
4	11066	84650	15082
4	11068	84669	15037
4	11077	84722	14706
4	11104	84867	15043
4	11107	84884	14804
4	11116	84946	14802
4	11123	84963	14371
4	11132	85029	14821
4	11143	85052	14780
4	11148	85076	14676
4	11165	85151	14687
4	11170	85223	14439
4	11183	85280	14368
4	11194	85379	15043
4	11197	85379	14275
4	11204	85409	14241
4	11209	85458	14610
4	11211	85472	14496
4	11225	85588	14356
4	11253	85861	15333
4	11264	85985	14689
4	11267	85987	14947
4	11280	86042	15322
4	11287	86060	14508
4	11296	86084	584
4	11300	86155	14539
4	11303	86170	14810
4	11306	86208	14784
4	11325	86329	14585

