version 3
run General-1-20240513-00:14:26-20028
attr configname General
attr datetime 20240513-00:14:26
attr datetimef 20240513-001426
attr experiment General
attr inifile omnetpp.ini
attr iterationvars ""
attr iterationvarsd ""
attr iterationvarsf ""
attr measurement ""
attr network AirportControl
attr processid 20028
attr repetition 1
attr replication #1
attr resultdir results
attr runnumber 1
attr seedset 1
config network AirportControl
config repeat 10
config simtime-resolution s
config sim-time-limit 1440min
config **.PrioT_PCT.jobType 0
config **.PrioT_PCF.jobType 1
config **.PrioF_PCT.jobType 2
config **.PrioF_PCF.jobType 3
config **.PrioT_PCT.probArrival 0.04
config **.PrioT_PCF.probArrival 0.01
config **.PrioF_PCT.probArrival 0.01
config **.PrioF_PCF.probArrival 0.94
config **.PrioT_PCT.interarrivalRateRush 0.4min
config **.PrioT_PCF.interarrivalRateRush 0.4min
config **.PrioF_PCT.interarrivalRateRush 0.4min
config **.PrioF_PCF.interarrivalRateRush 0.4min
config **.PrioF_PCF.interarrivalRateNormal 1min
config **.PrioT_PCT.interarrivalRateNormal 1min
config **.PrioF_PCT.interarrivalRateNormal 1min
config **.PrioT_PCF.interarrivalRateNormal 1min
config **.PrioF_PCF.numberOfPeaks 4
config **.PrioF_PCT.numberOfPeaks 4
config **.PrioT_PCF.numberOfPeaks 4
config **.PrioT_PCT.numberOfPeaks 4
config **.PrioF_PCF.durationOfPeaks 150min
config **.PrioF_PCT.durationOfPeaks 150min
config **.PrioT_PCF.durationOfPeaks 150min
config **.PrioT_PCT.durationOfPeaks 150min
config **.PrioT_Server.serviceTime exponential(3min)
config **.PrioF_Server3.serviceTime exponential(5min)
config **.PrioF_Server2.serviceTime exponential(5min)
config **.PrioF_Server1.serviceTime exponential(5min)
config **.PrioF_Server0.serviceTime exponential(5min)
config **.NoPC_Server0.serviceTime exponential(3min)
config **.NoPC_Server3.serviceTime exponential(3min)
config **.NoPC_Server2.serviceTime exponential(3min)
config **.NoPC_Server1.serviceTime exponential(3min)
config **.PC_Server0.serviceTime exponential(1min)
config **.PC_Server1.serviceTime exponential(1min)

vector 0 AirportControl.PrioF_PQ queueLength:vector ETV
attr interpolationmode sample-hold
attr recordingmode vector
attr title "queue length"
vector 1 AirportControl.PrioT_PQ queueLength:vector ETV
attr interpolationmode sample-hold
attr recordingmode vector
attr title "queue length"
vector 2 AirportControl.NoPC_PQ queueLength:vector ETV
attr interpolationmode sample-hold
attr recordingmode vector
attr title "queue length"
vector 3 AirportControl.PC_PQ queueLength:vector ETV
attr interpolationmode sample-hold
attr recordingmode vector
attr title "queue length"
vector 4 AirportControl.sink lifeTime:vector ETV
attr interpolationmode none
attr recordingmode vector
attr title "lifetime of arrived jobs"
attr unit s
0	0	0	0
0	32	192	1
0	34	256	2
0	36	320	3
0	37	382	2
0	43	384	3
0	44	430	2
0	52	448	3
0	53	459	2
0	59	512	3
0	61	521	2
0	70	576	3
0	72	640	4
0	73	648	3
0	79	704	4
0	83	768	5
0	84	800	4
0	90	832	5
0	91	873	4
0	97	896	5
0	101	960	6
0	103	1024	7
0	104	1032	6
0	109	1036	5
0	115	1088	6
0	116	1105	5
0	128	1152	6
0	134	1216	7
0	136	1280	8
0	138	1344	9
0	139	1379	8
0	144	1387	7
0	150	1408	8
0	152	1472	9
0	159	1536	10
0	165	1600	11
0	169	1664	12
0	170	1720	11
0	176	1728	12
0	177	1736	11
0	182	1762	10
0	187	1781	9
0	193	1792	10
0	196	1828	9
0	206	1856	10
0	208	1920	11
0	209	1965	10
0	217	1984	11
0	221	2048	12
0	222	2078	11
0	228	2112	12
0	232	2176	13
0	235	2213	12
0	243	2240	13
0	244	2265	12
0	250	2304	13
0	252	2368	14
0	253	2432	13
0	257	2432	14
0	260	2459	13
0	265	2471	12
0	270	2496	13
0	274	2527	12
0	282	2560	13
0	288	2624	14
0	290	2688	15
0	296	2752	16
0	298	2816	17
0	299	2840	16
0	304	2863	15
0	309	2871	14
0	315	2880	15
0	316	2940	14
0	322	2944	15
0	333	3008	16
0	334	3027	15
0	342	3072	16
0	345	3130	15
0	351	3136	16
0	352	3158	15
0	357	3169	14
0	364	3176	13
0	369	3186	12
0	375	3200	13
0	381	3264	14
0	385	3328	15
0	386	3329	14
0	394	3392	15
0	400	3456	16
0	401	3479	15
0	409	3520	16
0	410	3578	15
0	416	3584	16
0	419	3617	15
0	429	3648	16
0	430	3650	15
0	436	3712	16
0	437	3743	15
0	447	3776	16
0	448	3821	15
0	453	3828	14
0	459	3840	15
0	463	3904	16
0	464	3925	15
0	469	3930	14
0	474	3936	13
0	481	3967	12
0	486	3968	13
0	491	4032	14
0	492	4038	13
0	496	4045	12
0	504	4096	13
0	505	4131	12
0	509	4152	11
0	514	4160	12
0	515	4168	11
0	523	4224	12
0	527	4277	11
0	532	4288	12
0	533	4325	11
0	541	4352	12
0	543	4394	11
0	553	4416	12
0	554	4418	11
0	564	4450	10
0	571	4461	9
0	576	4480	10
0	587	4544	11
0	595	4608	12
0	600	4665	11
0	606	4672	12
0	614	4736	13
0	615	4755	12
0	623	4800	13
0	625	4864	14
0	626	4895	13
0	632	4928	14
0	634	4992	15
0	636	5056	16
0	637	5082	15
0	644	5112	14
0	650	5120	15
0	654	5184	16
0	656	5248	17
0	657	5266	16
0	663	5312	17
0	664	5348	16
0	670	5376	17
0	671	5377	16
0	676	5392	15
0	683	5422	14
0	688	5440	15
0	697	5504	16
0	699	5568	17
0	700	5574	16
0	707	5628	15
0	713	5632	16
0	715	5696	17
0	719	5760	18
0	725	5824	19
0	726	5886	18
0	732	5888	19
0	733	5950	18
0	739	5952	19
0	740	5967	18
0	751	6000	19
0	754	6014	18
0	760	6016	19
0	764	6080	20
0	768	6144	21
0	772	6208	22
0	774	6272	23
0	776	6336	24
0	777	6355	23
0	782	6366	22
0	787	6367	21
0	798	6400	22
0	799	6415	21
0	809	6464	22
0	814	6497	21
0	824	6528	22
0	826	6592	23
0	832	6656	24
0	833	6668	23
0	839	6720	24
0	841	6784	25
0	846	6799	24
0	853	6834	23
0	859	6848	24
0	860	6871	23
0	868	6912	24
0	870	6976	25
0	871	6995	24
0	877	7040	25
0	880	7091	24
0	886	7104	25
0	890	7168	26
0	891	7174	25
0	897	7232	26
0	901	7296	27
0	902	7331	26
0	907	7350	25
0	913	7360	26
0	914	7412	25
0	920	7424	26
0	924	7488	27
0	928	7501	26
0	940	7552	27
0	948	7616	28
0	949	7668	27
0	957	7680	28
0	959	7744	29
0	960	7767	28
0	967	7787	27
0	973	7808	28
0	977	7872	29
0	979	7936	30
0	980	7945	29
0	985	7992	28
0	991	8000	29
0	994	8051	28
0	1002	8064	29
0	1003	8078	28
0	1010	8083	27
0	1016	8128	28
0	1022	8192	29
0	1024	8256	30
0	1026	8320	31
0	1027	8344	30
0	1033	8384	31
0	1036	8438	30
0	1042	8448	31
0	1048	8512	32
0	1050	8576	33
0	1052	8640	34
0	1053	8696	33
0	1059	8704	34
0	1060	8710	33
0	1065	8753	32
0	1070	8754	31
0	1076	8768	32
0	1082	8832	33
0	1085	8878	32
0	1091	8896	33
0	1092	8898	32
0	1102	8960	33
0	1107	9024	34
0	1111	9088	35
0	1112	9112	34
0	1118	9152	35
0	1119	9182	34
0	1124	9197	33
0	1130	9216	34
0	1140	9280	35
0	1141	9321	34
0	1146	9327	33
0	1151	9335	32
0	1156	9344	31
0	1157	9344	32
0	1170	9408	33
0	1173	9416	32
0	1181	9472	33
0	1185	9536	34
0	1186	9558	33
0	1191	9562	32
0	1199	9600	33
0	1203	9664	34
0	1205	9728	35
0	1206	9790	34
0	1212	9792	35
0	1213	9803	34
0	1218	9843	33
0	1228	9856	34
0	1232	9920	35
0	1233	9941	34
0	1239	9984	35
0	1240	10006	34
0	1246	10048	35
0	1252	10112	36
0	1254	10176	37
0	1257	10205	36
0	1262	10215	35
0	1267	10221	34
0	1273	10240	35
0	1279	10304	36
0	1280	10344	35
0	1286	10368	36
0	1287	10424	35
0	1293	10432	36
0	1294	10452	35
0	1300	10496	36
0	1309	10560	37
0	1314	10599	36
0	1320	10624	37
0	1322	10688	38
0	1323	10705	37
0	1329	10752	38
0	1331	10816	39
0	1340	10872	38
0	1346	10880	39
0	1349	10916	38
0	1354	10918	37
0	1359	10935	36
0	1365	10944	37
0	1368	10949	36
0	1375	10957	35
0	1380	10983	34
0	1385	11008	35
0	1386	11017	34
0	1390	11028	33
0	1394	11034	32
0	1398	11054	31
0	1402	11058	30
0	1407	11072	31
0	1408	11100	30
0	1412	11122	29
0	1420	11136	30
0	1422	11200	31
0	1426	11227	30
0	1431	11264	31
0	1432	11274	30
0	1440	11328	31
0	1444	11353	30
0	1448	11357	29
0	1455	11370	28
0	1463	11392	29
0	1464	11407	28
0	1474	11423	27
0	1478	11440	26
0	1482	11455	25
0	1487	11456	26
0	1488	11479	25
0	1496	11520	26
0	1504	11584	27
0	1515	11648	28
0	1520	11712	29
0	1525	11776	30
0	1533	11840	31
0	1534	11884	30
0	1538	11890	29
0	1543	11904	30
0	1545	11968	31
0	1550	12000	32
0	1560	12018	31
0	1569	12032	32
0	1576	12096	33
0	1584	12160	34
0	1585	12206	33
0	1590	12224	34
0	1591	12245	33
0	1602	12288	34
0	1605	12321	33
0	1615	12352	34
0	1619	12416	35
0	1620	12473	34
0	1625	12475	33
0	1631	12480	34
0	1634	12522	33
0	1640	12544	34
0	1641	12581	33
0	1649	12608	34
0	1650	12616	33
0	1658	12672	34
0	1661	12708	33
0	1666	12715	32
0	1671	12729	31
0	1676	12736	32
0	1683	12800	33
0	1684	12854	32
0	1690	12864	33
0	1693	12913	32
0	1698	12925	31
0	1703	12928	32
0	1704	12932	31
0	1711	12946	30
0	1721	12976	29
0	1726	12992	30
0	1732	13027	29
0	1737	13040	28
0	1742	13056	29
0	1746	13064	28
0	1751	13120	29
0	1756	13184	30
0	1758	13248	31
0	1761	13263	30
0	1767	13312	31
0	1768	13332	30
0	1772	13333	29
0	1779	13352	28
0	1783	13355	27
0	1791	13376	28
0	1796	13440	29
0	1804	13504	30
0	1808	13568	31
0	1811	13574	30
0	1821	13632	31
0	1823	13696	32
0	1824	13724	31
0	1830	13760	32
0	1833	13799	31
0	1841	13824	32
0	1842	13840	31
0	1848	13888	32
0	1849	13891	31
0	1854	13923	30
0	1860	13952	31
0	1870	14016	32
0	1871	14043	31
0	1881	14080	32
0	1883	14144	33
0	1884	14190	32
0	1890	14208	33
0	1891	14264	32
0	1897	14272	33
0	1901	14336	34
0	1905	14400	35
0	1906	14412	34
0	1916	14464	35
0	1917	14498	34
0	1925	14528	35
0	1927	14592	36
0	1928	14612	35
0	1934	14656	36
0	1937	14701	35
0	1945	14720	36
0	1946	14776	35
0	1952	14784	36
0	1953	14785	35
0	1961	14848	36
0	1962	14851	35
0	1972	14912	36
0	1973	14936	35
0	1981	14976	36
0	1982	14993	35
0	1998	15034	34
0	2006	15040	35
0	2010	15104	36
0	2012	15168	37
0	2014	15232	38
0	2015	15245	37
0	2020	15252	36
0	2026	15296	37
0	2030	15360	38
0	2032	15424	39
0	2033	15483	38
0	2039	15488	39
0	2040	15529	38
0	2045	15534	37
0	2051	15552	38
0	2056	15592	37
0	2062	15616	38
0	2066	15680	39
0	2067	15713	38
0	2075	15744	39
0	2076	15755	38
0	2082	15808	39
0	2085	15842	38
0	2091	15872	39
0	2097	15936	40
0	2098	15969	39
0	2104	16000	40
0	2105	16010	39
0	2113	16064	40
0	2117	16128	41
0	2118	16139	40
0	2126	16192	41
0	2127	16252	40
0	2134	16256	41
0	2136	16272	40
0	2142	16320	41
0	2144	16384	42
0	2148	16448	43
0	2153	16512	44
0	2155	16576	45
0	2161	16640	46
0	2165	16704	47
0	2167	16768	48
0	2168	16772	47
0	2173	16811	46
0	2178	16814	45
0	2184	16832	46
0	2192	16896	47
0	2193	16915	46
0	2199	16960	47
0	2202	16979	46
0	2207	17009	45
0	2212	17014	44
0	2218	17024	45
0	2224	17088	46
0	2225	17117	45
0	2231	17152	46
0	2235	17216	47
0	2236	17253	46
0	2242	17280	47
0	2243	17284	46
0	2248	17288	45
0	2252	17292	44
0	2260	17344	45
0	2261	17398	44
0	2266	17408	45
0	2271	17472	46
0	2280	17536	47
0	2284	17600	48
0	2287	17634	47
0	2293	17664	48
0	2295	17728	49
0	2296	17747	48
0	2304	17792	49
0	2307	17798	48
0	2314	17815	47
0	2322	17856	48
0	2324	17920	49
0	2325	17958	48
0	2330	17979	47
0	2336	17984	48
0	2341	18000	49
0	2349	18031	48
0	2355	18048	49
0	2358	18099	48
0	2364	18112	49
0	2370	18176	50
0	2371	18187	49
0	2376	18213	48
0	2382	18240	49
0	2383	18265	48
0	2387	18299	47
0	2392	18304	48
0	2393	18336	47
0	2405	18368	48
0	2409	18432	49
0	2410	18494	48
0	2415	18496	49
0	2416	18498	48
0	2426	18555	47
0	2431	18560	48
0	2432	18595	47
0	2436	18618	46
0	2441	18624	47
0	2449	18688	48
0	2453	18732	47
0	2461	18752	48
0	2466	18816	49
0	2467	18859	48
0	2471	18860	47
0	2476	18880	48
0	2481	18944	49
0	2485	18971	48
0	2489	18977	47
0	2497	19008	48
0	2502	19072	49
0	2503	19091	48
0	2511	19136	49
0	2512	19157	48
0	2519	19160	47
0	2526	19164	46
0	2533	19173	45
0	2538	19200	46
0	2539	19204	45
0	2543	19206	44
0	2556	19261	43
0	2561	19264	44
0	2563	19328	45
0	2572	19373	44
0	2579	19388	43
0	2585	19392	44
0	2588	19420	43
0	2600	19456	44
0	2604	19514	43
0	2610	19520	44
0	2611	19540	43
0	2617	19584	44
0	2618	19607	43
0	2624	19648	44
0	2628	19712	45
0	2632	19776	46
0	2633	19826	45
0	2638	19831	44
0	2644	19840	45
0	2653	19899	44
0	2659	19904	45
0	2664	19937	44
0	2670	19968	45
0	2673	19997	44
0	2681	20032	45
0	2683	20096	46
0	2684	20124	45
0	2692	20160	46
0	2696	20224	47
0	2697	20252	46
0	2705	20288	47
0	2706	20333	46
0	2714	20352	47
0	2718	20416	48
0	2719	20423	47
0	2726	20472	46
0	2732	20480	47
0	2733	20520	46
0	2739	20544	47
0	2741	20608	48
0	2742	20646	47
0	2747	20660	46
0	2752	20667	45
0	2757	20672	46
0	2758	20675	45
0	2762	20692	44
0	2773	20736	45
0	2777	20757	44
0	2784	20775	43
0	2789	20800	44
0	2790	20802	43
0	2797	20825	42
0	2802	20864	43
0	2810	20928	44
0	2814	20992	45
0	2827	21056	46
0	2831	21120	47
0	2834	21149	46
0	2840	21184	47
0	2842	21248	48
0	2843	21258	47
0	2849	21312	48
0	2850	21338	47
0	2858	21376	48
0	2859	21385	47
0	2864	21399	46
0	2871	21414	45
0	2877	21440	46
0	2879	21504	47
0	2880	21511	46
0	2888	21568	47
0	2892	21632	48
0	2893	21654	47
0	2903	21696	48
0	2908	21743	47
0	2914	21760	48
0	2915	21778	47
0	2921	21824	48
0	2922	21842	47
0	2930	21888	48
0	2933	21911	47
0	2943	21952	48
0	2945	22016	49
0	2946	22050	48
0	2952	22080	49
0	2953	22120	48
0	2959	22144	49
0	2960	22158	48
0	2969	22206	47
0	2975	22208	48
0	2976	22232	47
0	2984	22272	48
0	2985	22302	47
0	2993	22336	48
0	2994	22367	47
0	3001	22382	46
0	3007	22399	45
0	3014	22400	46
0	3018	22464	47
0	3022	22520	46
0	3028	22528	47
0	3033	22587	46
0	3039	22592	47
0	3040	22594	46
0	3046	22600	45
0	3057	22656	46
0	3063	22720	47
0	3064	22730	46
0	3074	22784	47
0	3075	22814	46
0	3080	22823	45
0	3088	22848	46
0	3089	22889	45
0	3095	22912	46
0	3096	22913	45
0	3101	22920	44
0	3106	22976	45
0	3110	23038	44
0	3115	23040	45
0	3116	23043	44
0	3120	23068	43
0	3128	23104	44
0	3132	23148	43
0	3139	23148	42
0	3144	23168	43
0	3146	23232	44
0	3156	23296	45
0	3157	23351	44
0	3163	23360	45
0	3165	23424	46
0	3166	23442	45
0	3174	23488	46
0	3182	23552	47
0	3184	23616	48
0	3185	23627	47
0	3192	23657	46
0	3197	23658	45
0	3203	23680	46
0	3205	23744	47
0	3209	23808	48
0	3211	23872	49
0	3212	23876	48
0	3222	23936	49
0	3225	23973	48
0	3235	24000	49
0	3237	24000	50
0	3244	24019	49
0	3249	24023	48
0	3255	24064	49
0	3259	24128	50
0	3260	24132	49
0	3265	24159	48
0	3279	24192	49
0	3282	24236	48
0	3287	24245	47
0	3295	24256	48
0	3299	24320	49
0	3300	24363	48
0	3306	24384	49
0	3312	24448	50
0	3313	24455	49
0	3323	24512	50
0	3326	24540	49
0	3332	24576	50
0	3334	24640	51
0	3338	24704	52
0	3339	24723	51
0	3345	24768	52
0	3346	24830	51
0	3352	24832	52
0	3353	24876	51
0	3359	24896	52
0	3362	24913	51
0	3368	24960	52
0	3374	25024	53
0	3375	25067	52
0	3381	25088	53
0	3382	25147	52
0	3388	25152	53
0	3392	25216	54
0	3394	25280	55
0	3398	25344	56
0	3400	25408	57
0	3401	25451	56
0	3407	25472	57
0	3412	25536	58
0	3413	25571	57
0	3419	25600	58
0	3425	25664	59
0	3431	25728	60
0	3435	25792	61
0	3437	25856	62
0	3438	25894	61
0	3444	25920	62
0	3445	25936	61
0	3450	25938	60
0	3455	25946	59
0	3460	25984	60
0	3461	25998	59
0	3469	26048	60
0	3470	26068	59
0	3481	26112	60
0	3484	26171	59
0	3490	26176	60
0	3492	26240	61
0	3495	26256	60
0	3501	26304	61
0	3502	26308	60
0	3512	26368	61
0	3516	26432	62
0	3520	26496	63
0	3524	26560	64
0	3526	26624	65
0	3527	26662	64
0	3533	26688	65
0	3535	26752	66
0	3538	26816	65
0	3542	26816	66
0	3545	26851	65
0	3550	26879	64
0	3556	26880	65
0	3560	26944	66
0	3561	26981	65
0	3572	27008	66
0	3573	27014	65
0	3578	27026	64
0	3590	27072	65
0	3595	27103	64
0	3602	27111	63
0	3608	27136	64
0	3609	27140	63
0	3618	27158	62
0	3624	27200	63
0	3626	27264	64
0	3629	27294	63
0	3635	27328	64
0	3636	27365	63
0	3641	27371	62
0	3646	27392	63
0	3651	27456	64
0	3652	27477	63
0	3656	27485	62
0	3660	27519	61
0	3665	27520	62
0	3677	27553	61
0	3687	27584	62
0	3689	27648	63
0	3692	27697	62
0	3698	27712	63
0	3700	27776	64
0	3701	27789	63
0	3707	27840	64
0	3708	27846	63
0	3718	27904	64
0	3720	27968	65
0	3723	28004	64
0	3729	28032	65
0	3730	28080	64
0	3736	28096	65
0	3737	28113	64
0	3742	28123	63
0	3751	28160	64
0	3756	28224	65
0	3762	28288	66
0	3764	28352	67
0	3765	28355	66
0	3771	28416	67
0	3775	28480	68
0	3776	28494	67
0	3786	28543	66
0	3792	28544	67
0	3797	28569	66
0	3802	28594	65
0	3812	28608	66
0	3816	28672	67
0	3820	28736	68
0	3821	28754	67
0	3826	28762	66
0	3833	28789	65
0	3839	28800	66
0	3841	28864	67
0	3845	28928	68
0	3846	28965	67
0	3852	28992	68
0	3854	29056	69
0	3857	29063	68
0	3865	29120	69
0	3867	29184	70
0	3869	29248	71
0	3870	29276	70
0	3878	29312	71
0	3879	29323	70
0	3885	29376	71
0	3886	29378	70
0	3893	29402	69
0	3899	29440	70
0	3900	29499	69
0	3908	29504	70
0	3909	29546	69
0	3915	29568	70
0	3916	29592	69
0	3923	29616	68
0	3927	29622	67
0	3932	29632	68
0	3938	29696	69
0	3944	29760	70
0	3949	29794	69
0	3955	29824	70
0	3958	29884	69
0	3964	29888	70
0	3965	29920	69
0	3970	29923	68
0	3975	29928	67
0	3983	29952	68
0	3984	29964	67
0	3991	29978	66
0	3999	30000	67
0	4003	30016	68
0	4007	30079	67
0	4012	30080	68
0	4017	30144	69
0	4018	30159	68
0	4023	30208	69
0	4028	30272	70
0	4032	30336	71
0	4033	30343	70
0	4038	30345	69
0	4042	30370	68
0	4046	30376	67
0	4054	30400	68
0	4056	30464	69
0	4057	30492	68
0	4067	30524	67
0	4072	30528	68
0	4074	30592	69
0	4082	30656	70
0	4090	30720	71
0	4097	30784	72
0	4100	30830	71
0	4108	30848	72
0	4112	30912	73
0	4117	30970	72
0	4123	30976	73
0	4129	31040	74
0	4131	31104	75
0	4133	31168	76
0	4134	31180	75
0	4139	31181	74
0	4144	31202	73
0	4150	31232	74
0	4154	31296	75
0	4156	31360	76
0	4158	31424	77
0	4162	31488	78
0	4167	31552	79
0	4171	31616	80
0	4173	31680	81
0	4175	31744	82
0	4176	31774	81
0	4186	31808	82
0	4190	31872	83
0	4191	31909	82
0	4199	31936	83
0	4200	31956	82
0	4205	31988	81
0	4211	32000	82
0	4212	32007	81
0	4217	32046	80
0	4221	32050	79
0	4226	32064	80
0	4227	32087	79
0	4235	32128	80
0	4237	32192	81
0	4245	32256	82
0	4246	32293	81
0	4250	32299	80
0	4258	32320	81
0	4260	32384	82
0	4261	32391	81
0	4269	32448	82
0	4276	32512	83
0	4280	32576	84
0	4284	32640	85
0	4285	32688	84
0	4291	32704	85
0	4294	32755	84
0	4300	32768	85
0	4301	32774	84
0	4306	32812	83
0	4307	32812	82
0	4316	32832	83
0	4325	32896	84
0	4327	32960	85
0	4332	33024	86
0	4338	33088	87
0	4342	33152	88
0	4348	33216	89
0	4350	33280	90
0	4351	33314	89
0	4357	33344	90
0	4359	33408	91
0	4360	33435	90
0	4365	33467	89
0	4371	33472	90
0	4377	33536	91
0	4378	33547	90
0	4384	33600	91
0	4385	33640	90
0	4391	33664	91
0	4393	33728	92
0	4397	33792	93
0	4398	33827	92
0	4406	33856	93
0	4407	33869	92
0	4415	33920	93
0	4416	33940	92
0	4422	33984	93
0	4424	34048	94
0	4425	34077	93
0	4435	34112	94
0	4437	34176	95
0	4439	34240	96
0	4440	34248	95
0	4448	34304	96
0	4452	34368	97
0	4456	34432	98
0	4457	34463	97
0	4463	34496	98
0	4474	34560	99
0	4475	34594	98
0	4481	34624	99
0	4482	34679	98
0	4488	34688	99
0	4492	34752	100
0	4496	34816	101
0	4500	34880	102
0	4501	34903	101
0	4506	34911	100
0	4514	34944	101
0	4515	34973	100
0	4523	35008	101
0	4525	35072	102
0	4526	35091	101
0	4531	35132	100
0	4537	35136	101
0	4539	35200	102
0	4543	35264	103
0	4544	35302	102
0	4550	35328	103
0	4551	35344	102
0	4560	35377	101
0	4566	35392	102
0	4568	35456	103
0	4574	35520	104
0	4575	35525	103
0	4581	35584	104
0	4584	35628	103
0	4589	35631	102
0	4595	35648	103
0	4596	35654	102
0	4603	35674	101
0	4608	35680	100
0	4613	35712	101
0	4617	35766	100
0	4622	35776	101
0	4624	35840	102
0	4628	35889	101
0	4635	35892	100
0	4640	35904	101
0	4641	35933	100
0	4645	35951	99
0	4653	35968	100
0	4654	35974	99
0	4662	36000	100
0	4668	36031	99
0	4673	36032	100
0	4678	36096	101
0	4684	36160	102
0	4685	36174	101
0	4690	36224	102
0	4691	36252	101
0	4696	36288	102
0	4697	36293	101
0	4701	36320	100
0	4713	36352	101
0	4726	36416	102
0	4730	36425	101
0	4743	36477	100
0	4749	36480	101
0	4757	36544	102
0	4759	36608	103
0	4761	36672	104
0	4762	36705	103
0	4768	36736	104
0	4769	36757	103
0	4774	36766	102
0	4784	36800	103
0	4785	36803	102
0	4792	36848	101
0	4798	36864	102
0	4802	36928	103
0	4805	36977	102
0	4810	36985	101
0	4816	36992	102
0	4817	36995	101
0	4831	37056	102
0	4832	37059	101
0	4837	37063	100
0	4844	37120	99
0	4848	37120	100
0	4853	37178	99
0	4859	37184	100
0	4861	37248	101
0	4862	37265	100
0	4869	37283	99
0	4877	37312	100
0	4878	37322	99
0	4888	37376	100
0	4891	37432	99
0	4897	37440	100
0	4904	37504	101
0	4906	37568	102
0	4907	37593	101
0	4913	37632	102
0	4917	37696	103
0	4921	37760	104
0	4922	37792	103
0	4930	37824	104
0	4932	37888	105
0	4938	37952	106
0	4942	38016	107
0	4943	38026	106
0	4948	38055	105
0	4957	38075	104
0	4963	38080	105
0	4964	38088	104
0	4970	38144	105
0	4974	38208	106
0	4975	38229	105
0	4980	38255	104
0	4986	38272	105
0	4987	38310	104
0	4993	38336	105
0	4997	38400	106
0	5003	38464	107
0	5005	38528	108
0	5006	38551	107
0	5014	38592	108
0	5016	38656	109
0	5018	38720	110
0	5020	38784	111
0	5024	38848	112
0	5026	38912	113
0	5028	38976	114
0	5029	38984	113
0	5034	38989	112
0	5045	39040	113
0	5047	39104	114
0	5051	39168	115
0	5059	39232	116
0	5060	39289	115
0	5066	39296	116
0	5067	39340	115
0	5072	39344	114
0	5078	39360	115
0	5081	39391	114
0	5087	39424	115
0	5090	39475	114
0	5095	39483	113
0	5101	39488	114
0	5102	39506	113
0	5107	39552	114
0	5111	39594	113
0	5119	39616	114
0	5122	39638	113
0	5127	39641	112
0	5134	39673	111
0	5142	39680	112
0	5143	39689	111
0	5151	39744	112
0	5156	39789	111
0	5162	39808	112
0	5163	39864	111
0	5168	39868	110
0	5173	39872	111
0	5180	39936	112
0	5181	39988	111
0	5187	40000	112
0	5195	40064	113
0	5196	40067	112
0	5201	40091	111
0	5209	40128	112
0	5210	40131	111
0	5218	40192	112
0	5219	40243	111
0	5224	40254	110
0	5230	40256	111
0	5232	40320	112
0	5234	40384	113
0	5235	40410	112
0	5243	40448	113
0	5244	40454	112
0	5251	40496	111
0	5258	40503	110
0	5263	40512	111
0	5271	40576	112
0	5272	40590	111
0	5284	40640	112
0	5286	40704	113
0	5287	40723	112
0	5293	40768	113
0	5294	40770	112
0	5300	40832	113
0	5303	40851	112
0	5313	40896	113
0	5318	40937	112
0	5326	40960	113
0	5334	41024	114
0	5336	41088	115
0	5337	41129	114
0	5343	41152	115
0	5345	41216	116
0	5346	41271	115
0	5351	41273	114
0	5357	41280	115
0	5361	41344	116
0	5365	41408	117
0	5368	41439	116
0	5373	41472	115
0	5377	41472	116
0	5381	41536	117
0	5385	41600	118
0	5389	41664	119
0	5390	41676	118
0	5396	41728	119
0	5400	41792	120
0	5401	41830	119
0	5407	41856	120
0	5409	41920	121
0	5411	41984	122
0	5412	41990	121
0	5421	42000	122
0	5424	42004	121
0	5429	42027	120
0	5437	42048	121
0	5444	42112	122
0	5451	42166	121
0	5456	42169	120
0	5461	42172	119
0	5467	42176	120
0	5479	42240	121
0	5480	42249	120
0	5485	42251	119
0	5490	42257	118
0	5495	42304	119
0	5499	42352	118
0	5504	42368	119
0	5510	42424	118
0	5518	42432	119
0	5522	42496	120
0	5527	42518	119
0	5532	42555	118
0	5538	42560	119
0	5539	42590	118
0	5545	42624	119
0	5549	42688	120
0	5550	42697	119
0	5555	42701	118
0	5565	42752	119
0	5567	42816	120
0	5568	42847	119
0	5576	42880	120
0	5579	42922	119
0	5585	42944	120
0	5586	42992	119
0	5591	42994	118
0	5597	43008	119
0	5598	43040	118
0	5605	43059	117
0	5612	43067	116
0	5617	43072	117
0	5618	43093	116
0	5625	43102	115
0	5629	43110	114
0	5637	43136	115
0	5638	43182	114
0	5643	43200	115
0	5644	43207	114
0	5648	43262	113
0	5654	43264	114
0	5670	43328	115
0	5673	43341	114
0	5679	43392	115
0	5680	43426	114
0	5688	43456	115
0	5699	43520	116
0	5705	43584	117
0	5706	43592	116
0	5714	43648	117
0	5715	43668	116
0	5723	43712	117
0	5724	43714	116
0	5734	43776	117
0	5735	43839	116
0	5741	43840	117
0	5746	43853	116
0	5754	43904	117
0	5756	43968	118
0	5758	44032	119
0	5759	44048	118
0	5764	44088	117
0	5770	44096	118
0	5771	44132	117
0	5779	44160	118
0	5780	44184	117
0	5785	44206	116
0	5791	44224	117
0	5794	44252	116
0	5800	44288	117
0	5804	44352	118
0	5809	44375	117
0	5814	44407	116
0	5820	44416	117
0	5821	44423	116
0	5831	44480	117
0	5834	44485	116
0	5839	44486	115
0	5845	44544	116
0	5849	44608	117
0	5851	44672	118
0	5855	44736	119
0	5856	44795	118
0	5861	44799	117
0	5867	44800	118
0	5869	44864	119
0	5870	44866	118
0	5877	44907	117
0	5883	44928	118
0	5887	44992	119
0	5892	45056	120
0	5893	45075	119
0	5901	45120	120
0	5913	45184	121
0	5914	45207	120
0	5919	45212	119
0	5927	45248	120
0	5928	45281	119
0	5936	45312	120
0	5938	45376	121
0	5940	45440	122
0	5943	45447	121
0	5949	45504	122
0	5953	45568	123
0	5954	45602	122
0	5959	45619	121
0	5965	45632	122
0	5967	45696	123
0	5971	45760	124
0	5973	45824	125
0	5974	45865	124
0	5984	45888	125
0	5985	45904	124
0	5992	45929	123
0	5998	45952	124
0	6004	46016	125
0	6005	46036	124
0	6012	46055	123
0	6017	46061	122
0	6023	46080	123
0	6024	46084	122
0	6030	46144	123
0	6031	46160	122
0	6038	46200	121
0	6044	46208	122
0	6047	46243	121
0	6053	46272	122
0	6056	46311	121
0	6061	46312	120
0	6068	46335	119
0	6073	46336	120
0	6074	46364	119
0	6079	46400	120
0	6080	46426	119
0	6088	46464	120
0	6100	46525	119
0	6106	46528	120
0	6109	46559	119
0	6115	46592	120
0	6116	46644	119
0	6124	46656	120
0	6128	46720	121
0	6129	46760	120
0	6139	46784	121
0	6140	46800	120
0	6144	46814	119
0	6149	46848	120
0	6161	46912	121
0	6165	46976	122
0	6166	47019	121
0	6172	47040	122
0	6173	47082	121
0	6179	47104	122
0	6180	47110	121
0	6190	47168	122
0	6192	47232	123
0	6198	47296	124
0	6199	47307	123
0	6206	47356	122
0	6212	47360	123
0	6216	47424	124
0	6220	47488	125
0	6221	47514	124
0	6227	47552	125
0	6228	47572	124
0	6233	47587	123
0	6238	47596	122
0	6244	47616	123
0	6247	47654	122
0	6255	47680	123
0	6257	47744	124
0	6259	47808	125
0	6261	47872	126
0	6267	47936	127
0	6268	47945	126
0	6273	47951	125
0	6278	47972	124
0	6283	47999	123
0	6292	48000	124
0	6294	48000	125
0	6300	48064	126
0	6302	48128	127
0	6303	48154	126
0	6315	48192	127
0	6316	48218	126
0	6320	48224	125
0	6324	48248	124
0	6329	48256	125
0	6334	48320	126
0	6335	48346	125
0	6339	48347	124
0	6343	48376	123
0	6354	48384	124
0	6371	48448	125
0	6373	48512	126
0	6374	48541	125
0	6382	48576	126
0	6384	48640	127
0	6391	48704	128
0	6396	48765	127
0	6402	48768	128
0	6406	48832	129
0	6408	48896	130
0	6410	48960	131
0	6414	49024	132
0	6416	49088	133
0	6418	49152	134
0	6419	49191	133
0	6425	49216	134
0	6426	49220	133
0	6434	49280	134
0	6437	49332	133
0	6443	49344	134
0	6444	49365	133
0	6450	49408	134
0	6452	49472	135
0	6456	49528	134
0	6464	49536	135
0	6474	49600	136
0	6475	49625	135
0	6480	49626	134
0	6485	49650	133
0	6490	49661	132
0	6495	49664	133
0	6500	49728	134
0	6502	49743	133
0	6508	49749	132
0	6515	49782	131
0	6520	49792	132
0	6521	49824	131
0	6534	49856	132
0	6539	49890	131
0	6545	49920	132
0	6549	49984	133
0	6551	50048	134
0	6552	50073	133
0	6558	50112	134
0	6561	50125	133
0	6568	50170	132
0	6573	50174	131
0	6579	50176	132
0	6583	50240	133
0	6584	50273	132
0	6592	50304	133
0	6593	50330	132
0	6601	50368	133
0	6602	50391	132
0	6610	50432	133
0	6613	50459	132
0	6619	50496	133
0	6620	50513	132
0	6625	50546	131
0	6631	50560	132
0	6632	50567	131
0	6644	50624	132
0	6645	50673	131
0	6652	50680	130
0	6658	50688	131
0	6663	50748	130
0	6669	50752	131
0	6671	50816	132
0	6674	50861	131
0	6679	50869	130
0	6685	50880	131
0	6686	50904	130
0	6692	50944	131
0	6693	50987	130
0	6701	51008	131
0	6708	51072	132
0	6710	51082	131
0	6722	51115	130
0	6730	51136	131
0	6733	51157	130
0	6734	51157	129
0	6745	51199	128
0	6751	51200	129
0	6753	51264	130
0	6758	51327	129
0	6764	51328	130
0	6766	51392	131
0	6767	51447	130
0	6773	51456	131
0	6774	51478	130
0	6778	51499	129
0	6783	51520	130
0	6788	51584	131
0	6792	51643	130
0	6797	51648	131
0	6798	51658	130
0	6802	51664	129
0	6806	51685	128
0	6814	51712	129
0	6815	51764	128
0	6820	51776	129
0	6822	51840	130
0	6827	51904	131
0	6828	51919	130
0	6832	51947	129
0	6840	51968	130
0	6844	51990	129
0	6848	52012	128
0	6856	52032	129
0	6858	52096	130
0	6859	52099	129
0	6867	52160	130
0	6868	52188	129
0	6876	52224	130
0	6881	52288	131
0	6886	52352	132
0	6887	52389	131
0	6892	52416	132
0	6893	52421	131
0	6897	52461	130
0	6902	52480	131
0	6906	52514	130
0	6910	52516	129
0	6919	52544	130
0	6921	52608	131
0	6929	52672	132
0	6933	52683	131
0	6941	52736	132
0	6948	52786	131
0	6952	52789	130
0	6956	52792	129
0	6966	52800	128
0	6970	52800	129
0	6972	52806	128
0	6982	52864	129
0	6984	52928	130
0	6985	52968	129
0	6992	52980	128
0	6997	52992	129
0	6998	53007	128
0	7003	53056	129
0	7004	53057	128
0	7009	53120	129
0	7020	53184	130
0	7022	53248	131
0	7023	53252	130
0	7033	53293	129
0	7037	53311	128
0	7042	53312	129
0	7050	53376	130
0	7051	53412	129
0	7056	53440	130
0	7057	53467	129
0	7065	53504	130
0	7069	53514	129
0	7073	53535	128
0	7078	53568	129
0	7079	53630	128
0	7084	53632	129
0	7091	53687	128
0	7096	53696	129
0	7103	53731	128
0	7107	53750	127
0	7112	53760	128
0	7113	53777	127
0	7127	53824	128
0	7131	53851	127
0	7135	53855	126
0	7136	53855	125
0	7147	53888	126
0	7152	53952	127
0	7163	54000	128
0	7171	54016	129
0	7172	54041	128
0	7180	54080	129
0	7182	54115	128
0	7195	54144	129
0	7197	54208	130
0	7198	54225	129
0	7202	54233	128
0	7210	54272	129
0	7215	54336	130
0	7216	54337	129
0	7234	54400	130
0	7236	54464	131
0	7237	54472	130
0	7245	54528	131
0	7250	54572	130
0	7255	54589	129
0	7261	54592	130
0	7262	54629	129
0	7267	54650	128
0	7273	54656	129
0	7274	54676	128
0	7278	54712	127
0	7283	54720	128
0	7284	54743	127
0	7288	54747	126
0	7296	54784	127
0	7297	54794	126
0	7301	54807	125
0	7306	54848	126
0	7307	54859	125
0	7312	54912	126
0	7313	54955	125
0	7321	54976	126
0	7329	55040	127
0	7330	55082	126
0	7337	55096	125
0	7342	55104	126
0	7343	55110	125
0	7351	55168	126
0	7352	55183	125
0	7360	55232	126
0	7361	55261	125
0	7365	55263	124
0	7370	55296	125
0	7375	55360	126
0	7376	55372	125
0	7386	55396	124
0	7393	55415	123
0	7398	55424	124
0	7406	55488	125
0	7407	55492	124
0	7414	55504	123
0	7426	55552	124
0	7429	55576	123
0	7433	55597	122
0	7437	55599	121
0	7445	55616	122
0	7450	55680	123
0	7451	55719	122
0	7455	55740	121
0	7460	55744	122
0	7464	55780	121
0	7469	55785	120
0	7474	55808	121
0	7475	55865	120
0	7483	55872	121
0	7493	55936	122
0	7498	56000	123
0	7502	56028	122
0	7506	56042	121
0	7517	56064	122
0	7522	56128	123
0	7534	56177	122
0	7540	56192	123
0	7544	56256	124
0	7549	56310	123
0	7555	56320	124
0	7556	56339	123
0	7566	56384	124
0	7568	56448	125
0	7569	56465	124
0	7577	56512	125
0	7578	56552	124
0	7584	56576	125
0	7585	56610	124
0	7591	56640	125
0	7593	56704	126
0	7596	56736	125
0	7602	56768	126
0	7603	56783	125
0	7611	56832	126
0	7612	56866	125
0	7622	56896	126
0	7623	56919	125
0	7629	56960	126
0	7638	57024	127
0	7646	57088	128
0	7647	57147	127
0	7653	57152	128
0	7654	57161	127
0	7662	57216	128
0	7663	57227	127
0	7668	57238	126
0	7675	57269	125
0	7683	57280	126
0	7687	57344	127
0	7690	57378	126
0	7695	57393	125
0	7700	57396	124
0	7705	57401	123
0	7710	57408	124
0	7719	57472	125
0	7722	57501	124
0	7730	57536	125
0	7734	57600	126
0	7736	57664	127
0	7737	57686	126
0	7742	57693	125
0	7748	57728	126
0	7749	57742	125
0	7750	57742	124
0	7759	57765	123
0	7763	57786	122
0	7768	57792	123
0	7769	57815	122
0	7773	57826	121
0	7781	57856	122
0	7783	57920	123
0	7787	57959	122
0	7792	57984	123
0	7796	58001	122
0	7807	58048	123
0	7808	58054	122
0	7816	58112	123
0	7822	58165	122
0	7828	58176	123
0	7834	58240	124
0	7836	58304	125
0	7840	58368	126
0	7842	58432	127
0	7846	58496	128
0	7851	58560	129
0	7852	58582	128
0	7858	58624	129
0	7861	58683	128
0	7867	58688	129
0	7868	58723	128
0	7873	58725	127
0	7881	58752	128
0	7887	58816	129
0	7895	58880	130
0	7896	58890	129
0	7901	58918	128
0	7909	58944	129
0	7910	58995	128
0	7915	58996	127
0	7921	59008	128
0	7923	59072	129
0	7924	59099	128
0	7932	59136	129
0	7933	59139	128
0	7941	59200	129
0	7945	59264	130
0	7948	59297	129
0	7956	59328	130
0	7957	59329	129
0	7962	59330	128
0	7970	59392	129
0	7972	59456	130
0	7975	59507	129
0	7981	59520	130
0	7982	59556	129
0	7988	59584	130
0	7991	59641	129
0	7997	59648	130
0	8001	59712	131
0	8003	59776	132
0	8007	59840	133
0	8008	59862	132
0	8013	59891	131
0	8019	59904	132
0	8021	59968	133
0	8026	60000	134
0	8032	60032	135
0	8033	60052	134
0	8038	60059	133
0	8043	60072	132
0	8051	60096	133
0	8053	60160	134
0	8058	60168	133
0	8062	60218	132
0	8067	60224	133
0	8078	60275	132
0	8083	60288	133
0	8084	60294	132
0	8091	60310	131
0	8101	60333	130
0	8106	60352	131
0	8110	60377	130
0	8120	60409	129
0	8125	60416	130
0	8126	60424	129
0	8134	60480	130
0	8139	60544	131
0	8146	60590	130
0	8152	60608	131
0	8153	60609	130
0	8161	60672	131
0	8165	60736	132
0	8166	60751	131
0	8176	60800	132
0	8180	60864	133
0	8182	60928	134
0	8183	60944	133
0	8190	60974	132
0	8198	60992	133
0	8199	61037	132
0	8205	61056	133
0	8206	61082	132
0	8211	61087	131
0	8219	61120	132
0	8220	61138	131
0	8226	61184	132
0	8227	61207	131
0	8233	61248	132
0	8237	61312	133
0	8240	61339	132
0	8246	61348	131
0	8257	61376	132
0	8258	61431	131
0	8264	61440	132
0	8267	61449	131
0	8278	61504	132
0	8279	61527	131
0	8284	61561	130
0	8289	61563	129
0	8295	61568	130
0	8302	61609	129
0	8310	61632	130
0	8313	61658	129
0	8321	61696	130
0	8322	61745	129
0	8328	61760	130
0	8330	61824	131
0	8331	61838	130
0	8341	61888	131
0	8343	61952	132
0	8344	61986	131
0	8350	62016	132
0	8356	62080	133
0	8357	62105	132
0	8362	62118	131
0	8368	62144	132
0	8369	62190	131
0	8376	62203	130
0	8384	62208	131
0	8392	62272	132
0	8394	62336	133
0	8396	62400	134
0	8398	62464	135
0	8399	62498	134
0	8407	62528	135
0	8409	62592	136
0	8410	62601	135
0	8416	62656	136
0	8418	62720	137
0	8419	62742	136
0	8424	62743	135
0	8429	62761	134
0	8435	62784	135
0	8436	62844	134
0	8444	62848	135
0	8445	62853	134
0	8450	62912	135
0	8461	62976	136
0	8462	62979	135
0	8474	63039	134
0	8480	63040	135
0	8482	63104	136
0	8483	63106	135
0	8488	63107	134
0	8493	63138	133
0	8500	63159	132
0	8505	63168	133
0	8514	63232	134
0	8519	63291	133
0	8525	63296	134
0	8527	63360	135
0	8532	63418	134
0	8538	63424	135
0	8544	63488	136
0	8545	63496	135
0	8550	63545	134
0	8556	63552	135
0	8560	63616	136
0	8561	63644	135
0	8566	63661	134
0	8574	63680	135
0	8575	63683	134
0	8580	63690	133
0	8585	63744	134
0	8596	63808	135
0	8597	63869	134
0	8603	63872	135
0	8604	63877	134
0	8612	63936	135
0	8614	64000	136
0	8615	64050	135
0	8623	64064	136
0	8626	64102	135
0	8632	64128	136
0	8636	64192	137
0	8637	64196	136
0	8642	64208	135
0	8647	64218	134
0	8652	64226	133
0	8660	64256	134
0	8662	64320	135
0	8663	64329	134
0	8667	64335	133
0	8674	64370	132
0	8679	64384	133
0	8684	64448	134
0	8691	64508	133
0	8697	64512	134
0	8700	64517	133
0	8704	64518	132
0	8708	64520	131
0	8712	64539	130
0	8716	64556	129
0	8724	64576	130
0	8728	64586	129
0	8739	64640	130
0	8748	64704	131
0	8751	64739	130
0	8756	64768	131
0	8757	64802	130
0	8762	64832	131
0	8764	64896	132
0	8776	64956	131
0	8782	64960	132
0	8783	64968	131
0	8790	64973	130
0	8798	65024	131
0	8799	65029	130
0	8809	65088	131
0	8812	65126	130
0	8818	65152	131
0	8821	65173	130
0	8828	65195	129
0	8834	65216	130
0	8835	65240	129
0	8840	65245	128
0	8841	65245	127
0	8849	65280	128
0	8850	65281	127
0	8864	65344	128
0	8865	65407	127
0	8873	65408	128
0	8874	65449	127
0	8879	65472	128
0	8880	65523	127
0	8885	65536	128
0	8896	65597	127
0	8902	65600	128
0	8903	65626	127
0	8909	65664	128
0	8912	65694	127
0	8917	65723	126
0	8922	65728	127
0	8923	65735	126
0	8928	65792	127
0	8936	65856	128
0	8938	65920	129
0	8940	65984	130
0	8941	65987	129
0	8949	66000	130
0	8953	66048	131
0	8962	66112	132
0	8963	66137	131
0	8971	66148	130
0	8981	66176	131
0	8982	66180	130
0	8987	66240	131
0	8989	66304	132
0	8990	66350	131
0	8995	66368	132
0	8996	66413	131
0	9001	66432	132
0	9008	66445	131
0	9015	66475	130
0	9021	66496	131
0	9024	66509	130
0	9028	66543	129
0	9039	66560	130
0	9040	66601	129
0	9048	66624	130
0	9049	66639	129
0	9060	66688	130
0	9065	66752	131
0	9066	66754	130
0	9079	66816	131
0	9083	66880	132
0	9087	66944	133
0	9088	66968	132
0	9095	66998	131
0	9100	67006	130
0	9106	67008	131
0	9112	67072	132
0	9113	67087	131
0	9118	67090	130
0	9126	67136	131
0	9130	67200	132
0	9131	67233	131
0	9137	67264	132
0	9139	67328	133
0	9140	67334	132
0	9145	67344	131
0	9152	67358	130
0	9158	67392	131
0	9162	67456	132
0	9163	67457	131
0	9174	67520	132
0	9182	67584	133
0	9187	67611	132
0	9193	67648	133
0	9197	67712	134
0	9199	67776	135
0	9202	67836	134
0	9208	67840	135
0	9210	67904	136
0	9211	67959	135
0	9216	67960	134
0	9221	67966	133
0	9227	67968	134
0	9233	68032	135
0	9236	68078	134
0	9242	68096	135
0	9244	68160	136
0	9245	68202	135
0	9253	68224	136
0	9254	68264	135
0	9262	68288	136
0	9263	68320	135
0	9269	68352	136
0	9270	68410	135
0	9276	68416	136
0	9281	68438	135
0	9287	68480	136
0	9291	68544	137
0	9295	68608	138
0	9297	68672	139
0	9298	68711	138
0	9304	68736	139
0	9308	68800	140
0	9311	68856	139
0	9317	68864	140
0	9319	68928	141
0	9321	68992	142
0	9331	69046	141
0	9337	69056	142
0	9338	69059	141
0	9343	69060	140
0	9348	69071	139
0	9353	69072	138
0	9361	69120	139
0	9366	69142	138
0	9371	69176	137
0	9377	69184	138
0	9385	69248	139
0	9386	69311	138
0	9392	69312	139
0	9396	69376	140
0	9399	69405	139
0	9404	69417	138
0	9411	69426	137
0	9417	69440	138
0	9420	69460	137
0	9425	69490	136
0	9431	69504	137
0	9432	69506	136
0	9436	69541	135
0	9441	69568	136
0	9442	69583	135
0	9449	69614	134
0	9454	69632	135
0	9459	69696	136
0	9466	69722	135
0	9471	69760	136
0	9472	69785	135
0	9479	69798	134
0	9488	69824	135
0	9494	69888	136
0	9497	69902	135
0	9507	69952	136
0	9511	70016	137
0	9513	70080	138
0	9515	70144	139
0	9517	70208	140
0	9519	70272	141
0	9520	70287	140
0	9526	70336	141
0	9527	70400	140
0	9531	70400	141
0	9534	70439	140
0	9544	70464	141
0	9552	70521	140
0	9558	70528	141
0	9562	70592	142
0	9563	70601	141
0	9568	70607	140
0	9575	70621	139
0	9585	70656	140
0	9591	70720	141
0	9592	70771	140
0	9598	70784	141
0	9599	70797	140
0	9605	70848	141
0	9611	70912	142
0	9612	70919	141
0	9617	70959	140
0	9623	70976	141
0	9624	70989	140
0	9632	71040	141
0	9636	71104	142
0	9638	71168	143
0	9639	71219	142
0	9645	71232	141
0	9646	71232	142
0	9652	71296	143
0	9657	71349	142
0	9663	71360	143
0	9664	71404	142
0	9670	71424	143
0	9671	71431	142
0	9676	71432	141
0	9684	71488	142
0	9687	71541	141
0	9693	71552	142
0	9695	71616	143
0	9697	71680	144
0	9698	71718	143
0	9703	71744	144
0	9710	71808	145
0	9711	71845	144
0	9717	71872	145
0	9719	71936	146
0	9731	72000	147
0	9733	72000	148
0	9736	72064	149
0	9745	72128	150
0	9749	72192	151
0	9751	72256	152
0	9752	72295	151
0	9757	72318	150
0	9763	72320	151
0	9765	72384	152
0	9767	72448	153
0	9769	72512	154
0	9772	72529	153
0	9780	72576	154
0	9785	72619	153
0	9792	72630	152
0	9798	72640	153
0	9799	72641	152
0	9805	72704	153
0	9809	72768	154
0	9814	72821	153
0	9824	72832	154
0	9826	72896	155
0	9827	72920	154
0	9833	72960	155
0	9834	72993	154
0	9839	73008	153
0	9845	73024	154
0	9851	73088	155
0	9853	73152	156
0	9854	73216	155
0	9858	73216	156
0	9863	73232	155
0	9868	73233	154
0	9873	73268	153
0	9878	73274	152
0	9883	73280	153
0	9885	73344	154
0	9892	73408	155
0	9894	73472	156
0	9900	73501	155
0	9907	73514	154
0	9913	73536	155
0	9918	73557	154
0	9928	73600	155
0	9930	73664	156
0	9933	73721	155
0	9938	73727	154
0	9944	73728	155
0	9945	73741	154
0	9952	73787	153
0	9957	73792	154
0	9963	73809	153
0	9971	73856	154
0	9975	73920	155
0	9979	73984	156
0	9983	74048	157
0	9985	74112	158
0	9987	74176	159
0	9989	74240	160
0	9991	74304	161
0	9992	74312	160
0	10000	74368	161
0	10001	74409	160
0	10006	74422	159
0	10012	74432	160
0	10015	74450	159
0	10021	74496	160
0	10024	74512	159
0	10032	74560	160
0	10036	74624	161
0	10037	74647	160
0	10042	74683	159
0	10048	74688	160
0	10049	74744	159
0	10054	74746	158
0	10060	74752	159
0	10063	74783	158
0	10071	74816	159
0	10072	74860	158
0	10078	74880	159
0	10084	74944	160
0	10087	74996	159
0	10096	75008	160
0	10104	75072	161
0	10105	75078	160
0	10110	75091	159
0	10117	75131	158
0	10122	75132	157
0	10127	75136	158
0	10132	75200	159
0	10136	75264	160
0	10138	75328	161
0	10139	75329	160
0	10145	75392	161
0	10148	75408	160
0	10155	75456	159
0	10159	75456	160
0	10169	75520	161
0	10171	75584	162
0	10175	75648	163
0	10176	75650	162
0	10181	75680	161
0	10186	75698	160
0	10192	75712	161
0	10193	75730	160
0	10201	75776	161
0	10205	75840	162
0	10209	75904	163
0	10210	75937	162
0	10216	75968	163
0	10222	76032	164
0	10224	76096	165
0	10225	76114	164
0	10230	76126	163
0	10236	76160	164
0	10237	76167	163
0	10242	76169	162
0	10247	76178	161
0	10252	76224	162
0	10258	76288	161
0	10262	76288	162
0	10272	76352	163
0	10274	76416	164
0	10278	76480	165
0	10283	76544	166
0	10284	76545	165
0	10289	76554	164
0	10294	76570	163
0	10300	76608	164
0	10301	76618	163
0	10309	76672	164
0	10315	76736	165
0	10316	76737	164
0	10324	76800	165
0	10332	76864	166
0	10333	76927	165
0	10339	76928	166
0	10344	76967	165
0	10350	76992	166
0	10352	77056	167
0	10356	77120	168
0	10357	77141	167
0	10362	77182	166
0	10368	77184	167
0	10370	77248	168
0	10371	77279	167
0	10376	77290	166
0	10381	77310	165
0	10386	77312	166
0	10390	77357	165
0	10394	77361	164
0	10399	77376	165
0	10401	77440	166
0	10402	77449	165
0	10406	77452	164
0	10411	77504	165
0	10418	77557	164
0	10423	77568	165
0	10425	77632	166
0	10432	77672	165
0	10436	77688	164
0	10441	77696	165
0	10446	77760	166
0	10447	77776	165
0	10451	77792	164
0	10462	77824	165
0	10463	77860	164
0	10471	77888	165
0	10476	77952	166
0	10481	78000	167
0	10488	78016	168
0	10489	78032	167
0	10493	78042	166
0	10501	78080	167
0	10508	78144	168
0	10509	78151	167
0	10521	78208	168
0	10522	78231	167
0	10527	78259	166
0	10533	78272	167
0	10535	78336	168
0	10539	78400	169
0	10541	78464	170
0	10558	78528	171
0	10561	78569	170
0	10567	78592	171
0	10569	78656	172
0	10571	78720	173
0	10573	78784	174
0	10574	78810	173
0	10580	78848	174
0	10582	78912	175
0	10588	78976	176
0	10590	79040	177
0	10592	79104	178
0	10594	79168	179
0	10595	79230	178
0	10601	79232	179
0	10604	79280	178
0	10610	79296	179
0	10613	79353	178
0	10619	79360	179
0	10620	79378	178
0	10626	79424	179
0	10630	79488	180
0	10635	79552	181
0	10636	79575	180
0	10648	79616	181
0	10651	79632	180
0	10657	79680	181
0	10658	79698	180
0	10665	79722	179
0	10673	79744	180
0	10677	79808	181
0	10678	79811	180
0	10686	79872	181
0	10687	79881	180
0	10695	79936	181
0	10699	80000	182
0	10700	80064	181
0	10704	80064	182
0	10707	80065	181
0	10714	80113	180
0	10720	80128	181
0	10721	80169	180
0	10726	80170	179
0	10732	80192	180
0	10733	80250	179
0	10738	80256	180
0	10739	80308	179
0	10744	80320	180
0	10752	80384	181
0	10756	80448	182
0	10759	80494	181
0	10765	80512	182
0	10766	80569	181
0	10772	80576	182
0	10775	80593	181
0	10780	80610	180
0	10788	80640	181
0	10792	80704	182
0	10798	80768	183
0	10800	80832	184
0	10801	80872	183
0	10808	80878	182
0	10814	80896	183
0	10815	80909	182
0	10821	80946	181
0	10828	80960	182
0	10835	81024	183
0	10836	81038	182
0	10841	81039	181
0	10850	81076	180
0	10854	81086	179
0	10859	81088	180
0	10862	81150	179
0	10867	81152	180
0	10872	81216	181
0	10882	81280	182
0	10886	81344	183
0	10889	81353	182
0	10894	81368	181
0	10900	81408	182
0	10903	81426	181
0	10908	81433	180
0	10913	81441	179
0	10918	81472	180
0	10922	81492	179
0	10932	81536	180
0	10935	81554	179
0	10941	81600	180
0	10943	81664	181
0	10944	81674	180
0	10954	81728	181
0	10958	81792	182
0	10959	81833	181
0	10966	81849	180
0	10972	81856	181
0	10973	81879	180
0	10979	81920	181
0	10983	81984	182
0	10984	82001	181
0	10990	82048	182
0	10994	82112	183
0	10998	82176	184
0	10999	82200	183
0	11004	82230	182
0	11010	82240	183
0	11011	82262	182
0	11016	82267	181
0	11026	82304	182
0	11030	82368	183
0	11031	82376	182
0	11039	82432	183
0	11040	82449	182
0	11045	82456	181
0	11051	82496	182
0	11056	82560	183
0	11057	82576	182
0	11062	82624	183
0	11064	82688	184
0	11077	82752	185
0	11078	82787	184
0	11087	82811	183
0	11093	82816	184
0	11095	82880	185
0	11098	82937	184
0	11104	82944	185
0	11105	82990	184
0	11110	83001	183
0	11115	83008	184
0	11117	83072	185
0	11126	83136	186
0	11129	83167	185
0	11137	83200	186
0	11139	83264	187
0	11142	83294	186
0	11150	83328	187
0	11151	83331	186
0	11156	83343	185
0	11164	83392	186
0	11165	83444	185
0	11171	83456	186
0	11173	83520	187
0	11174	83559	186
0	11180	83584	187
0	11181	83634	186
0	11189	83648	187
0	11191	83712	188
0	11197	83776	189
0	11199	83840	190
0	11200	83856	189
0	11206	83904	190
0	11207	83908	189
0	11212	83962	188
0	11218	83968	189
0	11219	83974	188
0	11230	84000	189
0	11234	84032	190
0	11238	84096	191
0	11239	84097	190
0	11244	84123	189
0	11248	84130	188
0	11257	84160	189
0	11261	84224	190
0	11267	84288	191
0	11273	84352	192
0	11274	84407	191
0	11280	84416	192
0	11284	84480	193
0	11286	84544	194
0	11287	84573	193
0	11292	84579	192
0	11300	84608	193
0	11301	84609	192
0	11311	84672	193
0	11313	84736	194
0	11314	84738	193
0	11320	84800	194
0	11322	84864	195
0	11328	84906	194
0	11336	84928	195
0	11344	84992	196
0	11345	85000	195
0	11351	85056	196
0	11355	85120	197
0	11357	85184	198
0	11359	85248	199
0	11360	85255	198
0	11367	85303	197
0	11373	85312	198
0	11377	85376	199
0	11379	85440	200
0	11380	85454	199
0	11391	85504	200
0	11395	85568	201
0	11396	85606	200
0	11402	85632	201
0	11403	85640	200
0	11412	85675	199
0	11417	85680	198
0	11422	85696	199
0	11433	85760	200
0	11436	85771	199
0	11441	85778	198
0	11446	85785	197
0	11451	85798	196
0	11456	85824	197
0	11457	85838	196
0	11461	85861	195
0	11469	85888	196
0	11474	85952	197
0	11480	85993	196
0	11488	86016	197
0	11492	86080	198
0	11496	86144	199
0	11497	86208	198
0	11501	86208	199
0	11504	86247	198
0	11512	86272	199
0	11513	86301	198
0	11518	86309	197
0	11526	86336	198
1	0	0	0
1	6	0	1
1	15	97	0
1	752	6000	1
1	792	6387	0
1	1551	12000	1
1	1553	12013	0
1	2342	18000	1
1	2344	18000	0
1	3236	24000	1
1	3239	24006	0
1	4000	30000	1
1	4091	30725	0
1	4663	36000	1
1	4679	36154	0
1	5422	42000	1
1	5438	42058	0
1	6293	48000	1
1	6307	48189	0
1	7164	54000	1
1	7166	54003	0
1	8027	60000	1
1	8054	60165	0
1	8950	66000	1
1	8954	66064	0
1	9732	72000	1
1	9737	72103	0
1	10482	78000	1
1	10544	78481	0
1	11231	84000	1
1	11323	84868	0
2	0	0	0
2	119	1105	1
2	120	1137	0
2	268	2471	1
2	271	2516	0
2	389	3329	1
2	390	3339	0
2	477	3936	1
2	478	3946	0
2	484	3967	1
2	487	3996	0
2	495	4038	1
2	499	4045	2
2	500	4059	1
2	508	4131	2
2	512	4152	3
2	518	4168	4
2	519	4181	3
2	524	4242	2
2	530	4277	3
2	536	4325	4
2	537	4335	3
2	542	4394	2
2	548	4394	3
2	549	4413	2
2	557	4418	3
2	558	4430	2
2	561	4448	1
2	567	4450	2
2	568	4460	1
2	574	4461	2
2	577	4495	1
2	583	4544	0
2	679	5392	1
2	680	5406	0
2	686	5422	1
2	689	5455	0
2	802	6415	1
2	803	6424	0
2	1154	9335	1
2	1160	9344	2
2	1161	9347	1
2	1164	9398	0
2	1383	10983	1
2	1389	11017	2
2	1393	11028	3
2	1397	11034	4
2	1401	11054	5
2	1405	11058	6
2	1411	11100	7
2	1415	11122	8
2	1416	11129	7
2	1423	11223	6
2	1429	11227	7
2	1435	11274	8
2	1436	11304	7
2	1441	11345	6
2	1447	11353	7
2	1451	11357	8
2	1452	11359	7
2	1458	11370	8
2	1459	11382	7
2	1467	11407	8
2	1468	11416	7
2	1471	11421	6
2	1477	11423	7
2	1481	11440	8
2	1485	11455	9
2	1491	11479	10
2	1492	11504	9
2	1497	11553	8
2	1500	11573	7
2	1505	11604	6
2	1508	11617	5
2	1511	11645	4
2	1516	11696	3
2	1521	11745	2
2	1526	11791	1
2	1529	11822	0
2	1537	11884	1
2	1541	11890	2
2	1556	12013	3
2	1557	12014	2
2	1563	12018	3
2	1572	12078	2
2	1577	12134	1
2	1580	12147	0
2	1588	12206	1
2	1594	12245	2
2	1595	12256	1
2	1598	12285	0
2	1674	12729	1
2	1677	12758	0
2	1701	12925	1
2	1707	12932	2
2	1708	12945	1
2	1714	12946	2
2	1715	12968	1
2	1718	12969	0
2	1724	12976	1
2	1727	12997	0
2	1740	13040	1
2	1743	13062	0
2	1749	13064	1
2	1752	13182	0
2	1771	13332	1
2	1775	13333	2
2	1776	13334	1
2	1782	13352	2
2	1786	13355	3
2	1787	13358	2
2	1792	13391	1
2	1797	13478	0
2	2251	17288	1
2	2255	17292	2
2	2256	17332	1
2	2264	17398	2
2	2267	17454	1
2	2272	17487	0
2	2386	18265	1
2	2390	18299	2
2	2396	18336	3
2	2397	18354	2
2	2413	18494	3
2	2419	18498	4
2	2420	18531	3
2	2423	18532	2
2	2429	18555	3
2	2435	18595	4
2	2439	18618	5
2	2442	18677	4
2	2445	18684	3
2	2450	18690	2
2	2456	18732	3
2	2457	18747	2
2	2462	18754	1
2	2470	18859	2
2	2474	18860	3
2	2477	18937	2
2	2482	18970	1
2	2488	18971	2
2	2492	18977	3
2	2493	18992	2
2	2498	19072	1
2	2506	19091	2
2	2507	19114	1
2	2515	19157	2
2	2516	19159	1
2	2522	19160	2
2	2523	19162	1
2	2529	19164	2
2	2530	19170	1
2	2536	19173	2
2	2542	19204	3
2	2546	19206	4
2	2547	19209	3
2	2550	19231	2
2	2553	19251	1
2	2559	19261	2
2	2564	19329	1
2	2567	19345	0
2	2755	20667	1
2	2761	20675	2
2	2765	20692	3
2	2766	20702	2
2	2769	20710	1
2	2774	20746	0
2	2780	20757	1
2	2781	20773	0
2	2787	20775	1
2	2793	20802	2
2	2794	20805	1
2	2800	20825	2
2	2803	20880	1
2	2806	20913	0
2	2883	21511	1
2	2884	21554	0
2	3043	22594	1
2	3049	22600	2
2	3050	22618	1
2	3053	22646	0
2	3104	22920	1
2	3107	22980	0
2	3113	23038	1
2	3119	23043	2
2	3123	23068	3
2	3124	23070	2
2	3129	23115	1
2	3133	23148	0
2	3138	23148	1
2	3142	23148	2
2	3147	23236	1
2	3150	23254	0
2	3169	23442	1
2	3170	23443	0
2	3268	24159	1
2	3273	24185	0
2	3290	24245	1
2	3291	24256	0
2	3458	25946	1
2	3464	25998	2
2	3465	26004	1
2	3473	26068	2
2	3474	26075	1
2	3477	26081	0
2	3505	26308	1
2	3506	26329	0
2	3644	27371	1
2	3647	27430	0
2	3655	27477	1
2	3659	27485	2
2	3663	27519	3
2	3666	27521	2
2	3669	27526	1
2	3672	27538	0
2	3745	28123	1
2	3746	28134	0
2	3919	29592	1
2	3920	29594	0
2	3926	29616	1
2	3930	29622	2
2	3933	29684	1
2	3937	29696	0
2	3978	29928	1
2	3979	29947	0
2	3987	29964	1
2	3988	29965	0
2	3994	29978	1
2	4004	30035	0
2	4010	30079	1
2	4013	30143	0
2	4021	30159	1
2	4024	30260	0
2	4041	30345	1
2	4045	30370	2
2	4047	30376	1
2	4052	30376	2
2	4060	30492	3
2	4061	30494	2
2	4064	30501	1
2	4070	30524	2
2	4075	30636	1
2	4078	30643	0
2	4220	32046	1
2	4224	32050	2
2	4230	32087	3
2	4231	32128	2
2	4238	32218	1
2	4241	32221	0
2	4249	32293	1
2	4253	32299	2
2	4254	32315	1
2	4264	32391	2
2	4265	32442	1
2	4270	32467	0
2	4313	32812	1
2	4317	32841	0
2	4611	35680	1
2	4614	35726	0
2	4620	35766	1
2	4625	35859	0
2	4631	35889	1
2	4632	35891	0
2	4638	35892	1
2	4644	35933	2
2	4648	35951	3
2	4649	35962	2
2	4657	35974	3
2	4665	36003	2
2	4671	36031	3
2	4674	36033	2
2	4682	36154	3
2	4688	36174	4
2	4694	36252	5
2	4700	36293	6
2	4704	36320	7
2	4705	36338	6
2	4714	36354	5
2	4719	36384	4
2	4722	36413	3
2	4727	36422	2
2	4733	36425	3
2	4734	36427	2
2	4737	36446	1
2	4740	36448	0
2	4777	36766	1
2	4778	36771	0
2	5105	39506	1
2	5108	39587	0
2	5114	39594	1
2	5115	39610	0
2	5130	39641	1
2	5131	39659	0
2	5137	39673	1
2	5138	39679	0
2	5146	39689	1
2	5147	39727	0
2	5171	39868	1
2	5174	39901	0
2	5238	40410	1
2	5239	40435	0
2	5254	40496	1
2	5261	40503	2
2	5264	40514	1
2	5267	40545	0
2	5275	40590	1
2	5276	40598	0
2	5493	42257	1
2	5496	42306	0
2	5502	42352	1
2	5505	42420	0
2	5601	43040	1
2	5602	43049	0
2	5608	43059	1
2	5609	43062	0
2	5615	43067	1
2	5621	43093	2
2	5622	43099	1
2	5628	43102	2
2	5632	43110	3
2	5633	43116	2
2	5641	43182	3
2	5647	43207	4
2	5655	43265	3
2	5658	43287	2
2	5661	43301	1
2	5664	43307	0
2	5683	43426	1
2	5684	43453	0
2	6064	46312	1
2	6065	46315	0
2	6071	46335	1
2	6077	46364	2
2	6083	46426	3
2	6084	46456	2
2	6089	46466	1
2	6092	46472	0
2	6119	46644	1
2	6120	46649	0
2	6143	46800	1
2	6147	46814	2
2	6152	46871	1
2	6155	46875	0
2	6183	47110	1
2	6184	47149	0
2	6286	47999	1
2	6296	48025	0
2	6306	48154	1
2	6310	48189	2
2	6311	48191	1
2	6319	48218	2
2	6323	48224	3
2	6327	48248	4
2	6330	48281	3
2	6338	48346	4
2	6342	48347	5
2	6346	48376	6
2	6347	48378	5
2	6348	48378	4
2	6359	48419	3
2	6364	48433	2
2	6367	48437	1
2	6377	48541	2
2	6378	48568	1
2	6385	48654	0
2	6493	49661	1
2	6496	49706	0
2	6511	49749	1
2	6512	49761	0
2	6518	49782	1
2	6524	49824	2
2	6525	49840	1
2	6528	49841	0
2	6696	50987	1
2	6702	51012	0
2	6777	51478	1
2	6781	51499	2
2	6784	51566	1
2	6789	51589	0
2	6795	51643	1
2	6801	51658	2
2	6805	51664	3
2	6809	51685	4
2	6810	51707	3
2	6818	51764	4
2	6823	51899	3
2	6831	51919	4
2	6835	51947	5
2	6836	51950	4
2	6841	51975	3
2	6847	51990	4
2	6851	52012	5
2	6852	52030	4
2	6862	52099	5
2	6863	52110	4
2	6871	52188	5
2	6872	52222	4
2	6877	52261	3
2	6882	52314	2
2	6890	52389	3
2	6896	52421	4
2	6900	52461	5
2	6909	52514	6
2	6913	52516	7
2	6922	52623	6
2	6925	52664	5
2	6930	52679	4
2	6936	52683	5
2	6937	52691	4
2	6942	52751	3
2	6945	52770	2
2	6951	52786	3
2	6955	52789	4
2	6959	52792	5
2	6960	52795	4
2	6963	52796	3
2	6971	52800	4
2	6975	52806	5
2	6978	52811	4
2	6988	52968	5
2	6989	52970	4
2	6995	52980	5
2	7001	53007	6
2	7007	53057	7
2	7010	53124	6
2	7013	53151	5
2	7016	53177	4
2	7026	53252	5
2	7027	53261	4
2	7030	53277	3
2	7036	53293	4
2	7040	53311	5
2	7043	53323	4
2	7046	53374	3
2	7054	53412	4
2	7060	53467	5
2	7061	53503	4
2	7066	53506	3
2	7072	53514	4
2	7076	53535	5
2	7082	53630	6
2	7085	53672	5
2	7088	53684	4
2	7094	53687	5
2	7097	53713	4
2	7100	53724	3
2	7106	53731	4
2	7110	53750	5
2	7116	53777	6
2	7117	53799	5
2	7120	53819	4
2	7123	53822	3
2	7128	53850	2
2	7134	53851	3
2	7141	53855	4
2	7142	53855	5
2	7143	53876	4
2	7148	53906	3
2	7153	53968	2
2	7156	53968	1
2	7169	54003	2
2	7175	54041	3
2	7176	54056	2
2	7181	54115	1
2	7187	54115	2
2	7201	54225	3
2	7205	54233	4
2	7206	54253	3
2	7211	54327	2
2	7219	54337	3
2	7220	54338	2
2	7223	54347	1
2	7226	54355	0
2	7277	54676	1
2	7281	54712	2
2	7287	54743	3
2	7291	54747	4
2	7292	54784	3
2	7300	54794	4
2	7304	54807	5
2	7310	54859	6
2	7316	54955	7
2	7317	54969	6
2	7322	55029	5
2	7325	55038	4
2	7333	55082	5
2	7334	55093	4
2	7340	55096	5
2	7346	55110	6
2	7347	55129	5
2	7355	55183	6
2	7356	55203	5
2	7364	55261	6
2	7368	55263	7
2	7371	55305	6
2	7379	55372	7
2	7380	55380	6
2	7383	55386	5
2	7389	55396	6
2	7390	55412	5
2	7396	55415	6
2	7399	55468	5
2	7402	55476	4
2	7410	55492	5
2	7417	55504	6
2	7418	55512	5
2	7432	55576	6
2	7436	55597	7
2	7440	55599	8
2	7441	55601	7
2	7446	55637	6
2	7454	55719	7
2	7458	55740	8
2	7461	55765	7
2	7472	55785	8
2	7478	55865	9
2	7479	55867	8
2	7486	55923	7
2	7489	55936	6
2	7494	55996	5
2	7499	56015	4
2	7505	56028	5
2	7509	56042	6
2	7510	56053	5
2	7513	56055	4
2	7518	56123	3
2	7523	56144	2
2	7526	56153	1
2	7529	56155	0
2	7708	57401	1
2	7711	57424	0
2	7762	57765	1
2	7766	57786	2
2	7772	57815	3
2	7776	57826	4
2	7777	57833	3
2	7784	57934	2
2	7790	57959	3
2	7793	57992	2
2	7799	58001	3
2	7800	58009	2
2	7803	58011	1
2	7811	58054	2
2	7812	58086	1
2	7817	58117	0
2	8046	60072	1
2	8047	60080	0
2	8057	60165	1
2	8061	60168	2
2	8065	60218	3
2	8068	60236	2
2	8071	60248	1
2	8081	60275	2
2	8087	60294	3
2	8088	60309	2
2	8094	60310	3
2	8095	60321	2
2	8098	60331	1
2	8104	60333	2
2	8107	60369	1
2	8113	60377	2
2	8114	60389	1
2	8117	60393	0
2	8123	60409	1
2	8129	60424	2
2	8130	60430	1
2	8135	60490	0
2	8334	61838	1
2	8335	61840	0
2	8372	62190	1
2	8373	62202	0
2	8379	62203	1
2	8380	62208	0
2	8448	62853	1
2	8453	62938	0
2	8496	63138	1
2	8497	63148	0
2	8503	63159	1
2	8510	63215	0
2	8583	63690	1
2	8586	63752	0
2	8655	64226	1
2	8656	64244	0
2	8666	64329	1
2	8670	64335	2
2	8671	64336	1
2	8677	64370	2
2	8680	64445	1
2	8685	64466	0
2	8694	64508	1
2	8696	64512	0
2	8703	64517	1
2	8707	64518	2
2	8711	64520	3
2	8715	64539	4
2	8719	64556	5
2	8720	64566	4
2	8725	64582	3
2	8731	64586	4
2	8732	64627	3
2	8735	64637	2
2	8740	64664	1
2	8754	64739	2
2	8760	64802	3
2	8765	64897	2
2	8768	64923	1
2	8771	64924	0
2	8786	64968	1
2	8787	64972	0
2	8793	64973	1
2	8794	64985	0
2	8802	65029	1
2	8803	65041	0
2	8846	65245	1
2	8847	65245	2
2	8853	65281	3
2	8854	65294	2
2	8857	65315	1
2	8860	65331	0
2	8868	65407	1
2	8869	65408	0
2	8877	65449	1
2	8883	65523	2
2	8886	65539	1
2	8889	65552	0
2	8920	65723	1
2	8926	65735	2
2	8929	65838	1
2	8932	65851	0
2	8944	65987	1
2	8957	66064	2
2	8958	66091	1
2	8966	66137	2
2	8974	66148	3
2	8977	66168	2
2	8985	66180	3
2	8993	66350	4
2	8999	66413	5
2	9002	66443	4
2	9005	66444	3
2	9011	66445	4
2	9012	66452	3
2	9018	66475	4
2	9020	66496	3
2	9027	66509	4
2	9031	66543	5
2	9032	66549	4
2	9035	66551	3
2	9043	66601	4
2	9044	66623	3
2	9052	66639	4
2	9053	66640	3
2	9056	66685	2
2	9061	66728	1
2	9069	66754	2
2	9070	66766	1
2	9073	66794	0
2	9435	69506	1
2	9439	69541	2
2	9445	69583	3
2	9446	69607	2
2	9452	69614	3
2	9455	69687	2
2	9460	69719	1
2	9463	69720	0
2	9469	69722	1
2	9475	69785	2
2	9476	69795	1
2	9482	69798	2
2	9483	69821	1
2	9487	69824	0
2	9679	71432	1
2	9680	71442	0
2	9701	71718	1
2	9704	71761	0
2	9881	73274	1
2	9886	73357	0
2	9948	73741	1
2	9949	73742	0
2	9955	73787	1
2	9958	73806	0
2	10125	75132	1
2	10128	75193	0
2	10250	76178	1
2	10253	76270	0
2	10384	77310	1
2	10387	77327	0
2	10393	77357	1
2	10397	77361	2
2	10405	77449	3
2	10409	77452	4
2	10412	77520	3
2	10415	77524	2
2	10421	77557	3
2	10426	77633	2
2	10429	77640	1
2	10435	77672	2
2	10439	77688	3
2	10442	77737	2
2	10450	77776	3
2	10454	77792	4
2	10455	77797	3
2	10458	77813	2
2	10466	77860	3
2	10467	77880	2
2	10472	77924	1
2	10484	78005	0
2	10492	78032	1
2	10496	78042	2
2	10497	78060	1
2	10502	78084	0
2	10736	80250	1
2	10742	80308	2
2	10745	80341	1
2	10748	80357	0
2	10783	80610	1
2	10784	80632	0
2	10853	81076	1
2	10857	81086	2
2	10865	81150	3
2	10868	81204	2
2	10873	81245	1
2	10876	81262	0
2	10916	81441	1
2	10919	81479	0
2	10925	81492	1
2	10926	81501	0
2	11019	82267	1
2	11020	82271	0
2	11060	82576	1
2	11065	82705	0
2	11113	83001	1
2	11118	83090	0
2	11222	83974	1
2	11223	83991	0
2	11247	84123	1
2	11253	84156	0
2	11420	85680	1
2	11425	85746	0
2	11454	85798	1
2	11460	85838	2
2	11464	85861	3
2	11465	85879	2
2	11470	85945	1
2	11475	85953	0
3	0	0	0
4	25	105	105
4	30	162	162
4	48	430	430
4	62	521	329
4	68	547	291
4	81	720	400
4	99	941	877
4	121	1137	689
4	124	1141	565
4	126	1142	758
4	130	1166	654
4	132	1184	480
4	157	1517	877
4	167	1634	134
4	195	1821	925
4	202	1829	997
4	204	1852	1852
4	215	1983	1023
4	219	2008	984
4	230	2120	1032
4	234	2209	929
4	242	2240	1472
4	272	2516	980
4	278	2527	927
4	284	2573	2445
4	286	2583	1431
4	292	2727	1063
4	294	2751	1407
4	324	2967	1175
4	326	2980	1508
4	331	3002	1594
4	340	3063	1847
4	344	3095	1239
4	363	3172	1188
4	383	3277	277
4	391	3339	1291
4	396	3403	1163
4	398	3426	1314
4	407	3482	1754
4	418	3585	1217
4	425	3623	1127
4	427	3631	1455
4	443	3761	1329
4	445	3764	1140
4	461	3851	1163
4	479	3946	1066
4	488	3996	1692
4	501	4059	1243
4	520	4181	1045
4	525	4242	2322
4	538	4335	1775
4	544	4394	1386
4	550	4413	1213
4	559	4430	1486
4	562	4448	1056
4	569	4460	1388
4	578	4495	1231
4	585	4544	1216
4	589	4553	1801
4	591	4567	1047
4	593	4591	879
4	609	4673	1217
4	610	4673	833
4	612	4727	227
4	621	4782	1134
4	643	5087	1119
4	652	5178	1274
4	681	5406	1822
4	690	5455	1679
4	693	5491	1203
4	695	5498	1466
4	706	5594	1242
4	717	5709	1165
4	721	5764	1284
4	723	5778	1618
4	746	5991	1767
4	762	6038	1622
4	766	6133	2037
4	770	6190	1518
4	804	6424	1688
4	807	6443	1579
4	820	6499	1507
4	822	6525	1917
4	828	6594	594
4	830	6605	1805
4	843	6792	1864
4	845	6794	794
4	852	6813	1757
4	866	6883	1507
4	879	7074	1826
4	888	7112	1992
4	899	7260	1756
4	922	7477	1781
4	938	7511	11
4	942	7590	1958
4	944	7603	2291
4	947	7616	2048
4	955	7674	2490
4	966	7769	2329
4	975	7824	2000
4	993	8009	2057
4	1000	8059	2171
4	1009	8079	2079
4	1018	8134	2054
4	1020	8164	2404
4	1035	8404	2132
4	1044	8451	2435
4	1046	8488	2280
4	1078	8791	2263
4	1080	8811	2411
4	1084	8866	2274
4	1098	8925	2589
4	1100	8954	2810
4	1109	9026	2242
4	1132	9221	2245
4	1138	9263	263
4	1162	9347	2243
4	1165	9398	2230
4	1168	9406	2494
4	1172	9412	2564
4	1179	9417	2185
4	1183	9477	2437
4	1197	9574	2854
4	1201	9605	2309
4	1224	9849	2425
4	1226	9851	2363
4	1230	9860	2244
4	1248	10093	2413
4	1250	10103	2743
4	1256	10180	3524
4	1275	10283	2347
4	1277	10288	2544
4	1305	10517	4053
4	1307	10552	2680
4	1311	10571	3019
4	1313	10595	2531
4	1333	10846	2654
4	1335	10851	2851
4	1348	10893	393
4	1367	10946	2562
4	1374	10953	2633
4	1417	11129	2617
4	1424	11223	2647
4	1437	11304	3048
4	1442	11345	2513
4	1453	11359	2655
4	1460	11382	2934
4	1469	11416	3288
4	1472	11421	2397
4	1493	11504	2352
4	1498	11553	2337
4	1501	11573	2485
4	1506	11604	3796
4	1509	11617	2721
4	1512	11645	2877
4	1517	11696	2736
4	1522	11745	3105
4	1527	11791	2447
4	1530	11822	2094
4	1558	12014	2478
4	1571	12076	76
4	1573	12078	2798
4	1578	12134	2278
4	1581	12147	2739
4	1596	12256	2464
4	1599	12285	285
4	1604	12306	2706
4	1611	12337	2417
4	1613	12349	2237
4	1617	12366	2894
4	1633	12519	2855
4	1647	12601	2425
4	1656	12642	2338
4	1660	12693	2453
4	1678	12758	2390
4	1681	12772	2148
4	1692	12872	2184
4	1709	12945	2449
4	1716	12968	2408
4	1719	12969	2921
4	1728	12997	2053
4	1731	12999	2183
4	1744	13062	3078
4	1753	13182	2430
4	1760	13262	2830
4	1777	13334	2070
4	1788	13358	2350
4	1793	13391	2255
4	1798	13478	2406
4	1806	13511	2119
4	1810	13573	2693
4	1817	13577	1993
4	1819	13598	2398
4	1832	13772	2252
4	1839	13820	2364
4	1862	13972	2324
4	1868	13998	498
4	1877	14044	2076
4	1879	14069	2357
4	1899	14327	2423
4	1903	14376	3048
4	1912	14431	2655
4	1914	14445	2285
4	1923	14502	2406
4	1936	14660	2820
4	1944	14720	2496
4	1959	14800	2800
4	1968	14857	2505
4	1970	14859	2571
4	1979	14954	2922
4	1991	15008	2336
4	1993	15015	2471
4	2004	15036	2300
4	2008	15097	97
4	2028	15356	2556
4	2053	15554	2498
4	2055	15556	3140
4	2064	15644	3164
4	2073	15718	2598
4	2084	15837	2973
4	2093	15893	2645
4	2095	15902	3294
4	2111	16048	2672
4	2115	16103	2919
4	2124	16189	3261
4	2135	16256	2944
4	2146	16418	3426
4	2163	16645	145
4	2186	16838	3398
4	2188	16849	3281
4	2190	16879	3375
4	2201	16966	3334
4	2220	17047	3351
4	2222	17058	2978
4	2233	17168	3216
4	2257	17332	3188
4	2268	17454	3566
4	2273	17487	3279
4	2276	17491	3667
4	2278	17525	3189
4	2282	17559	3799
4	2286	17612	3596
4	2302	17756	3484
4	2306	17794	3266
4	2313	17801	3337
4	2320	17824	3104
4	2357	18050	3650
4	2366	18116	3460
4	2368	18134	3350
4	2398	18354	3314
4	2407	18390	390
4	2421	18531	3427
4	2424	18532	3364
4	2443	18677	677
4	2446	18684	3708
4	2451	18690	3842
4	2458	18747	3515
4	2463	18754	4162
4	2478	18937	3577
4	2483	18970	3674
4	2494	18992	4080
4	2500	19072	3264
4	2508	19114	3498
4	2517	19159	3607
4	2524	19162	3738
4	2531	19170	3682
4	2548	19209	3337
4	2551	19231	3231
4	2554	19251	3507
4	2565	19329	3265
4	2568	19345	3409
4	2571	19369	3113
4	2578	19375	2991
4	2587	19403	2955
4	2594	19426	3106
4	2596	19433	3241
4	2598	19455	3775
4	2626	19664	3152
4	2630	19736	3160
4	2646	19865	3737
4	2648	19878	2982
4	2661	19929	429
4	2663	19936	3296
4	2672	19974	2950
4	2679	20013	3181
4	2690	20132	3044
4	2694	20178	3218
4	2703	20253	3549
4	2712	20337	3569
4	2716	20358	3142
4	2725	20435	3283
4	2767	20702	3422
4	2770	20710	3046
4	2775	20746	3274
4	2782	20773	3429
4	2795	20805	3013
4	2804	20880	3344
4	2807	20913	3313
4	2812	20950	2902
4	2819	21015	3607
4	2822	21032	3304
4	2829	21076	76
4	2833	21134	3278
4	2856	21374	3390
4	2870	21408	3408
4	2885	21554	3250
4	2890	21571	3459
4	2899	21667	3235
4	2901	21676	3500
4	2905	21698	3330
4	2907	21713	3473
4	2928	21848	3224
4	2932	21896	3208
4	2939	21913	3993
4	2941	21915	3163
4	2966	22168	3672
4	2968	22177	3361
4	2982	22237	3229
4	2991	22321	3377
4	3000	22371	3491
4	3008	22399	3839
4	3016	22443	3115
4	3045	22598	98
4	3051	22618	3098
4	3054	22646	3190
4	3059	22663	3399
4	3061	22695	3495
4	3070	22758	3686
4	3072	22765	3629
4	3084	22823	3111
4	3108	22980	3332
4	3125	23070	3038
4	3130	23115	3275
4	3136	23148	3052
4	3148	23236	3652
4	3151	23254	3350
4	3154	23294	2942
4	3171	23443	4051
4	3176	23511	3287
4	3178	23513	3097
4	3180	23528	3560
4	3191	23636	3348
4	3207	23775	3999
4	3218	23888	3728
4	3220	23914	3306
4	3224	23970	3490
4	3257	24077	3341
4	3274	24185	3193
4	3278	24192	3520
4	3281	24224	224
4	3293	24256	3712
4	3297	24271	271
4	3308	24385	3329
4	3310	24386	3586
4	3319	24463	3599
4	3321	24508	3388
4	3325	24535	3351
4	3336	24646	3334
4	3361	24910	3406
4	3370	25008	3632
4	3372	25021	3453
4	3390	25188	3492
4	3396	25343	4095
4	3427	25676	4748
4	3429	25706	4074
4	3433	25741	241
4	3466	26004	4052
4	3475	26075	4059
4	3478	26081	3873
4	3483	26149	4069
4	3494	26250	4106
4	3507	26329	4889
4	3510	26340	4516
4	3514	26404	4644
4	3518	26447	4047
4	3522	26550	4278
4	3537	26782	4254
4	3558	26936	4280
4	3567	26997	4533
4	3588	27065	4473
4	3592	27081	4361
4	3594	27101	5213
4	3599	27103	103
4	3615	27147	4811
4	3617	27151	4239
4	3628	27271	4103
4	3648	27430	4134
4	3667	27521	4737
4	3670	27526	4422
4	3673	27538	4114
4	3676	27551	4319
4	3683	27560	4584
4	3685	27571	4531
4	3691	27679	4127
4	3714	27860	4372
4	3716	27891	4531
4	3722	27976	4296
4	3747	28134	4262
4	3752	28160	4160
4	3754	28210	4594
4	3758	28245	4437
4	3760	28263	4519
4	3773	28439	5591
4	3785	28510	4446
4	3808	28599	4471
4	3810	28606	4606
4	3814	28616	116
4	3818	28675	4355
4	3832	28770	4386
4	3843	28877	4429
4	3856	29059	4803
4	3863	29075	5139
4	3876	29303	4791
4	3892	29381	4741
4	3906	29501	4797
4	3921	29594	4826
4	3934	29684	5492
4	3939	29696	4544
4	3942	29709	5133
4	3946	29761	4673
4	3948	29785	4889
4	3957	29854	4638
4	3980	29947	4923
4	3989	29965	5133
4	4005	30035	4563
4	4014	30143	4799
4	4025	30260	4660
4	4030	30291	5011
4	4050	30376	4648
4	4062	30494	5086
4	4065	30501	4581
4	4076	30636	4844
4	4079	30643	4787
4	4084	30667	4619
4	4086	30692	5028
4	4088	30704	5744
4	4099	30799	5263
4	4106	30832	4720
4	4110	30898	898
4	4125	30990	4750
4	4127	31010	1010
4	4152	31239	4935
4	4160	31450	5018
4	4169	31600	5232
4	4188	31861	361
4	4197	31924	5364
4	4233	32128	5440
4	4239	32218	6234
4	4242	32221	5469
4	4255	32315	5691
4	4266	32442	5626
4	4271	32467	5971
4	4274	32483	6307
4	4278	32534	5654
4	4282	32620	5420
4	4293	32747	5739
4	4318	32841	5449
4	4321	32871	5735
4	4323	32876	5932
4	4340	33118	118
4	4344	33170	5842
4	4346	33180	5724
4	4373	33473	5953
4	4375	33495	5911
4	4395	33765	5925
4	4404	33836	6124
4	4413	33893	5989
4	4431	34085	5989
4	4433	34093	6445
4	4446	34295	6135
4	4450	34328	7256
4	4454	34397	6429
4	4472	34528	28
4	4490	34713	6681
4	4494	34796	6572
4	4498	34868	7092
4	4512	34931	7667
4	4521	34977	6497
4	4541	35262	6718
4	4557	35358	7070
4	4559	35365	7013
4	4570	35483	6875
4	4572	35501	6765
4	4583	35598	6734
4	4602	35672	6616
4	4615	35726	7310
4	4626	35859	7187
4	4633	35891	6707
4	4650	35962	7162
4	4666	36003	7075
4	4675	36033	7041
4	4707	36338	6962
4	4715	36354	7106
4	4718	36364	364
4	4720	36384	6944
4	4723	36413	413
4	4728	36422	6918
4	4735	36427	7307
4	4738	36446	6558
4	4741	36448	6688
4	4752	36488	6920
4	4753	36488	6488
4	4755	36542	6590
4	4779	36771	6947
4	4782	36788	7156
4	4791	36809	6793
4	4800	36920	7224
4	4804	36940	6668
4	4821	36995	6915
4	4825	36999	7687
4	4827	37022	6558
4	4829	37035	6635
4	4843	37098	6570
4	4852	37152	7008
4	4868	37278	7070
4	4875	37286	6630
4	4884	37330	6994
4	4886	37353	6761
4	4890	37391	6671
4	4899	37497	6649
4	4915	37652	6868
4	4919	37756	6716
4	4928	37798	6822
4	4940	37991	491
4	4954	38065	6897
4	4956	38068	6772
4	4972	38157	6925
4	4995	38396	6908
4	4999	38407	6791
4	5001	38456	7096
4	5012	38590	7486
4	5022	38814	7390
4	5043	39017	8105
4	5049	39165	7421
4	5057	39202	202
4	5080	39361	7489
4	5089	39433	7753
4	5109	39587	7651
4	5116	39610	7610
4	5121	39633	7569
4	5132	39659	7275
4	5139	39679	7551
4	5148	39727	7279
4	5153	39758	7950
4	5155	39760	7440
4	5175	39901	7325
4	5178	39908	7716
4	5189	40041	7273
4	5191	40046	7342
4	5193	40048	8496
4	5207	40118	7286
4	5216	40134	7110
4	5240	40435	7923
4	5248	40454	7366
4	5265	40514	7618
4	5268	40545	7393
4	5277	40598	8342
4	5280	40600	7384
4	5282	40623	7663
4	5302	40844	7436
4	5315	40910	410
4	5317	40924	7452
4	5324	40958	7678
4	5328	40963	8323
4	5330	40979	7443
4	5332	40999	7655
4	5359	41291	7563
4	5363	41347	7427
4	5367	41426	7762
4	5383	41589	7733
4	5387	41647	7663
4	5398	41786	7994
4	5435	42041	7865
4	5446	42132	8532
4	5448	42136	136
4	5450	42152	8040
4	5473	42208	7840
4	5475	42218	218
4	5477	42228	8180
4	5497	42306	7810
4	5506	42420	7860
4	5509	42421	8117
4	5516	42431	7615
4	5520	42440	7816
4	5524	42506	7818
4	5526	42515	8275
4	5547	42663	7719
4	5561	42708	7956
4	5563	42733	7597
4	5574	42852	8420
4	5578	42883	8003
4	5603	43049	7977
4	5610	43062	7734
4	5623	43099	7643
4	5634	43116	7724
4	5656	43265	8257
4	5659	43287	7767
4	5662	43301	7653
4	5665	43307	7595
4	5668	43327	8127
4	5672	43331	7331
4	5685	43453	8189
4	5690	43466	7626
4	5692	43472	7440
4	5694	43499	7531
4	5712	43604	104
4	5721	43711	7807
4	5730	43733	7637
4	5732	43750	8166
4	5743	43841	7681
4	5745	43844	7556
4	5752	43866	8090
4	5777	44133	7653
4	5793	44226	8002
4	5802	44343	7927
4	5806	44355	7811
4	5808	44358	7622
4	5827	44432	7504
4	5829	44447	7647
4	5833	44483	7619
4	5847	44592	8240
4	5853	44676	8004
4	5876	44906	7850
4	5885	44973	7789
4	5899	45101	8109
4	5903	45138	7826
4	5909	45167	167
4	5911	45179	8059
4	5925	45226	7786
4	5934	45287	8679
4	5942	45446	8198
4	5951	45521	7825
4	5969	45748	8372
4	5980	45868	8044
4	5982	45884	8316
4	5991	45919	8159
4	6000	45969	8017
4	6002	45978	8474
4	6011	46050	7970
4	6037	46191	8559
4	6046	46240	7968
4	6055	46291	8147
4	6066	46315	8427
4	6085	46456	8440
4	6090	46466	7938
4	6093	46472	8008
4	6096	46487	8087
4	6108	46545	7889
4	6121	46649	8313
4	6126	46684	7900
4	6151	46849	349
4	6153	46871	8279
4	6156	46875	8155
4	6159	46888	7720
4	6163	46913	8705
4	6185	47149	8237
4	6188	47155	8179
4	6194	47237	8197
4	6196	47240	7944
4	6205	47324	8476
4	6214	47362	8002
4	6218	47463	7975
4	6246	47651	8099
4	6253	47657	8233
4	6263	47892	8276
4	6265	47909	8677
4	6297	48025	8089
4	6312	48191	8447
4	6331	48281	8601
4	6349	48378	8570
4	6351	48378	378
4	6360	48419	9315
4	6363	48432	432
4	6365	48433	8369
4	6368	48437	8309
4	6379	48568	8120
4	6386	48654	8782
4	6389	48660	8660
4	6393	48729	8537
4	6395	48753	8369
4	6404	48789	8277
4	6412	49023	8383
4	6432	49255	8551
4	6436	49290	8714
4	6462	49529	9209
4	6466	49549	8781
4	6472	49597	97
4	6497	49706	8618
4	6503	49743	9487
4	6513	49761	8481
4	6526	49840	8944
4	6529	49841	9009
4	6532	49845	8821
4	6536	49876	8468
4	6538	49881	8921
4	6547	49928	8456
4	6560	50113	8961
4	6567	50148	8548
4	6581	50226	8882
4	6590	50280	8488
4	6599	50349	8621
4	6608	50404	8484
4	6612	50442	9226
4	6638	50585	8585
4	6640	50621	8765
4	6643	50624	9088
4	6651	50677	8693
4	6660	50713	9049
4	6662	50741	8565
4	6673	50841	8537
4	6703	51012	8772
4	6706	51013	8645
4	6711	51082	8650
4	6717	51104	8992
4	6728	51122	9074
4	6732	51139	8387
4	6744	51188	8372
4	6755	51274	8650
4	6757	51292	292
4	6785	51566	8622
4	6790	51589	9093
4	6811	51707	9147
4	6824	51899	8891
4	6837	51950	9262
4	6842	51975	8647
4	6853	52030	8894
4	6864	52110	9230
4	6873	52222	8958
4	6878	52261	8805
4	6883	52314	9114
4	6923	52623	9551
4	6926	52664	8952
4	6931	52679	9159
4	6938	52691	8915
4	6943	52751	9103
4	6946	52770	8930
4	6961	52795	8827
4	6964	52796	9404
4	6977	52808	308
4	6979	52811	8587
4	6990	52970	8874
4	7011	53124	9540
4	7014	53151	9119
4	7017	53177	8825
4	7028	53261	8781
4	7031	53277	9373
4	7044	53323	8907
4	7047	53374	9214
4	7062	53503	9215
4	7067	53506	8898
4	7086	53672	8744
4	7089	53684	9012
4	7098	53713	8849
4	7101	53724	8988
4	7118	53799	9255
4	7121	53819	8507
4	7124	53822	8766
4	7129	53850	8474
4	7144	53876	8692
4	7149	53906	8402
4	7154	53968	8720
4	7157	53968	8272
4	7177	54056	8616
4	7183	54115	9315
4	7193	54134	134
4	7207	54253	8621
4	7212	54327	9207
4	7221	54338	8578
4	7224	54347	9355
4	7227	54355	8403
4	7231	54383	8495
4	7232	54383	8239
4	7244	54528	8704
4	7247	54538	538
4	7249	54539	8523
4	7294	54784	8576
4	7318	54969	8633
4	7323	55029	8565
4	7326	55038	8766
4	7335	55093	8693
4	7348	55129	9561
4	7357	55203	8419
4	7372	55305	8585
4	7381	55380	8724
4	7384	55386	8410
4	7391	55412	8884
4	7400	55468	8556
4	7403	55476	8628
4	7419	55512	9432
4	7428	55557	57
4	7442	55601	8561
4	7447	55637	8405
4	7462	55765	8597
4	7480	55867	8507
4	7485	55917	7917
4	7487	55923	8371
4	7491	55936	8512
4	7495	55996	8892
4	7500	56015	8527
4	7511	56053	8757
4	7514	56055	8375
4	7519	56123	8315
4	7524	56144	8400
4	7527	56153	8089
4	7530	56155	8027
4	7533	56170	9578
4	7542	56208	8016
4	7546	56259	8323
4	7548	56279	8407
4	7562	56373	8117
4	7564	56382	8766
4	7575	56479	8095
4	7595	56722	8210
4	7609	56817	8049
4	7618	56876	8236
4	7620	56886	8182
4	7631	56966	8646
4	7633	56979	8979
4	7644	57055	55
4	7660	57168	8592
4	7674	57265	8817
4	7681	57270	8182
4	7685	57294	8462
4	7689	57366	8470
4	7712	57424	8272
4	7715	57427	8211
4	7717	57452	8492
4	7721	57485	8141
4	7728	57534	8510
4	7732	57550	8270
4	7778	57833	8297
4	7785	57934	8462
4	7794	57992	8584
4	7801	58009	8153
4	7804	58011	8283
4	7813	58086	8294
4	7818	58117	8453
4	7821	58141	8093
4	7830	58204	8284
4	7832	58205	8605
4	7838	58311	8135
4	7844	58454	8214
4	7860	58682	8378
4	7879	58751	8383
4	7889	58833	333
4	7891	58851	8739
4	7893	58853	8293
4	7907	58928	8432
4	7930	59110	8486
4	7939	59141	8197
4	7943	59226	8538
4	7947	59273	8841
4	7954	59298	9314
4	7968	59330	8322
4	7974	59498	8682
4	7990	59622	8870
4	7999	59695	8431
4	8005	59789	8589
4	8030	60028	9148
4	8048	60080	8688
4	8069	60236	8652
4	8072	60248	248
4	8089	60309	8789
4	8096	60321	8993
4	8099	60331	9195
4	8108	60369	8721
4	8115	60389	8421
4	8118	60393	8937
4	8131	60430	8526
4	8136	60490	8330
4	8141	60545	545
4	8143	60551	8519
4	8145	60565	8725
4	8159	60655	8303
4	8163	60676	8452
4	8172	60766	8670
4	8174	60787	9715
4	8178	60856	9144
4	8189	60961	9185
4	8196	60975	8559
4	8217	61094	8614
4	8235	61280	8992
4	8239	61332	8596
4	8247	61348	8804
4	8253	61350	8358
4	8255	61355	8491
4	8266	61443	8515
4	8273	61451	8779
4	8301	61605	8997
4	8308	61614	8430
4	8312	61634	134
4	8319	61675	8555
4	8336	61840	8784
4	8339	61850	8538
4	8352	62033	8465
4	8354	62042	8666
4	8374	62202	8762
4	8382	62208	8704
4	8386	62208	8320
4	8388	62247	8551
4	8390	62263	9463
4	8405	62510	8878
4	8440	62844	9084
4	8452	62917	8917
4	8454	62938	9690
4	8457	62938	8666
4	8459	62951	8807
4	8471	63004	8988
4	8473	63031	8823
4	8498	63148	9324
4	8511	63215	8879
4	8516	63259	8795
4	8518	63269	269
4	8529	63370	8842
4	8531	63407	8687
4	8540	63464	8872
4	8542	63480	9528
4	8558	63578	8794
4	8572	63674	9018
4	8587	63752	9352
4	8590	63755	8907
4	8592	63756	8780
4	8594	63787	8875
4	8610	63922	8882
4	8621	64051	8947
4	8625	64087	8855
4	8634	64166	8806
4	8657	64244	9076
4	8672	64336	8656
4	8681	64445	8957
4	8686	64466	10386
4	8698	64512	8896
4	8721	64566	9142
4	8726	64582	8646
4	8733	64627	9075
4	8736	64637	8765
4	8741	64664	9368
4	8750	64714	214
4	8766	64897	8833
4	8769	64923	8923
4	8772	64924	9116
4	8775	64944	9200
4	8788	64972	8716
4	8795	64985	8601
4	8804	65041	8401
4	8807	65060	8932
4	8811	65093	8645
4	8820	65167	8975
4	8827	65191	8487
4	8855	65294	8398
4	8858	65315	8803
4	8861	65331	8563
4	8871	65408	8384
4	8887	65539	8387
4	8890	65552	8592
4	8893	65561	8985
4	8895	65596	8316
4	8911	65688	8600
4	8930	65838	8494
4	8933	65851	9531
4	8959	66091	8427
4	8976	66166	166
4	8978	66168	8952
4	9003	66443	8907
4	9006	66444	9612
4	9013	66452	452
4	9022	66496	9024
4	9033	66549	8629
4	9036	66551	8823
4	9045	66623	9023
4	9054	66640	8656
4	9057	66685	8445
4	9062	66728	9320
4	9071	66766	8590
4	9074	66794	8426
4	9077	66808	8760
4	9081	66829	9037
4	9085	66928	8624
4	9094	66977	9121
4	9108	67017	8393
4	9110	67052	8620
4	9124	67118	9006
4	9128	67167	8415
4	9151	67355	8475
4	9160	67418	8858
4	9172	67510	8694
4	9176	67534	8590
4	9184	67590	8582
4	9186	67600	100
4	9195	67652	9156
4	9201	67832	9144
4	9229	67977	8713
4	9231	68011	8811
4	9235	68066	8994
4	9251	68212	8884
4	9260	68270	9134
4	9278	68425	8841
4	9280	68437	8789
4	9289	68537	8761
4	9293	68588	9068
4	9306	68740	9028
4	9310	68819	9427
4	9326	69003	9099
4	9359	69109	109
4	9363	69124	9284
4	9365	69133	9101
4	9379	69188	9732
4	9381	69208	9112
4	9383	69225	9225
4	9394	69330	9362
4	9398	69389	9037
4	9410	69425	8881
4	9419	69445	9285
4	9447	69607	9383
4	9456	69687	9399
4	9461	69719	9239
4	9464	69720	9112
4	9477	69795	9123
4	9484	69821	9085
4	9489	69824	8960
4	9492	69831	9031
4	9496	69893	9477
4	9503	69904	8976
4	9505	69925	8933
4	9509	69960	8904
4	9540	70452	9268
4	9542	70455	9207
4	9560	70544	44
4	9574	70613	9045
4	9581	70626	9506
4	9583	70651	9339
4	9587	70682	9050
4	9589	70717	9341
4	9607	70891	9067
4	9609	70900	9204
4	9630	71023	9135
4	9634	71094	9142
4	9654	71301	9541
4	9656	71311	9167
4	9681	71442	9938
4	9686	71520	10080
4	9705	71761	9681
4	9708	71766	9302
4	9721	71940	9348
4	9723	71955	9747
4	9725	71976	9960
4	9743	72111	9839
4	9747	72151	151
4	9771	72525	10189
4	9778	72541	9885
4	9791	72627	627
4	9807	72765	9981
4	9811	72799	10271
4	9813	72804	10404
4	9821	72823	9975
4	9822	72823	10103
4	9847	73035	9995
4	9849	73049	10073
4	9862	73221	10053
4	9887	73357	10253
4	9890	73387	10027
4	9896	73484	10252
4	9906	73510	10598
4	9924	73564	9948
4	9926	73573	73
4	9932	73683	10259
4	9950	73742	10062
4	9959	73806	9934
4	9962	73807	10255
4	9969	73852	10044
4	9973	73885	10589
4	9977	73982	10494
4	9981	73997	9997
4	9998	74325	10261
4	10014	74433	10689
4	10023	74500	10564
4	10030	74549	10357
4	10034	74579	10451
4	10062	74780	10524
4	10069	74812	10428
4	10080	74892	10572
4	10082	74932	10420
4	10086	74971	10267
4	10102	75054	54
4	10116	75092	10324
4	10129	75193	10297
4	10134	75237	10405
4	10147	75403	10763
4	10154	75429	10981
4	10163	75490	10530
4	10165	75503	10415
4	10167	75506	10930
4	10173	75617	10401
4	10199	75744	10464
4	10203	75793	10769
4	10207	75860	10516
4	10218	75981	10509
4	10220	75992	10584
4	10254	76270	10606
4	10257	76271	10415
4	10266	76301	10765
4	10268	76306	10578
4	10270	76321	11169
4	10276	76477	10557
4	10307	76658	10658
4	10311	76688	11088
4	10313	76712	10920
4	10322	76761	10521
4	10330	76853	353
4	10341	76937	10953
4	10343	76951	10839
4	10354	77101	10925
4	10388	77327	11279
4	10413	77520	11152
4	10416	77524	10836
4	10427	77633	11009
4	10430	77640	11208
4	10443	77737	11177
4	10456	77797	11493
4	10459	77813	11317
4	10468	77880	10936
4	10473	77924	11044
4	10485	78005	11189
4	10498	78060	10732
4	10503	78084	10884
4	10506	78110	11358
4	10515	78158	11022
4	10517	78168	10776
4	10519	78201	10681
4	10537	78389	10933
4	10543	78473	10825
4	10550	78494	494
4	10556	78522	11514
4	10560	78540	540
4	10584	78919	11335
4	10586	78921	11657
4	10603	79255	11415
4	10612	79346	11634
4	10628	79468	12396
4	10642	79591	11559
4	10650	79627	127
4	10664	79709	11933
4	10671	79723	11755
4	10675	79776	11680
4	10684	79852	11948
4	10693	79922	11762
4	10697	79979	11755
4	10713	80093	11741
4	10746	80341	11797
4	10749	80357	11941
4	10754	80430	11630
4	10758	80459	11979
4	10774	80590	11726
4	10785	80632	12024
4	10790	80663	11735
4	10794	80748	11756
4	10796	80757	12085
4	10807	80877	12141
4	10822	80946	12658
4	10830	80978	11858
4	10861	81107	107
4	10869	81204	11956
4	10874	81245	12189
4	10877	81262	11822
4	10880	81277	11901
4	10884	81295	11727
4	10888	81347	12163
4	10902	81417	11657
4	10920	81479	12167
4	10927	81501	11869
4	10930	81507	11811
4	10934	81552	11728
4	10950	81696	11808
4	10952	81710	11502
4	10957	81792	11840
4	10965	81844	11828
4	10981	81983	11839
4	10992	82050	11970
4	10996	82124	12620
4	11021	82271	11743
4	11024	82289	11825
4	11028	82315	11979
4	11037	82392	11800
4	11066	82705	12433
4	11073	82742	12086
4	11075	82748	11964
4	11084	82795	12395
4	11086	82810	310
4	11097	82907	11867
4	11119	83090	12242
4	11122	83114	11882
4	11124	83118	12142
4	11128	83150	12046
4	11135	83187	12467
4	11141	83283	12371
4	11148	83309	11885
4	11162	83353	11865
4	11187	83641	12345
4	11193	83725	12365
4	11195	83773	12605
4	11224	83991	12311
4	11236	84094	12542
4	11254	84156	12412
4	11259	84183	12183
4	11263	84243	12243
4	11266	84288	12416
4	11269	84289	12673
4	11271	84343	12407
4	11282	84441	12313
4	11298	84587	12779
4	11307	84633	12313
4	11309	84662	12598
4	11334	84919	12535
4	11338	84964	964
4	11353	85093	1093
4	11366	85293	12845
4	11375	85323	12619
4	11386	85472	12704
4	11393	85531	12955
4	11424	85699	199
4	11426	85746	12786
4	11429	85752	13496
4	11432	85760	12928
4	11435	85766	13254
4	11466	85879	13687
4	11471	85945	12729
4	11476	85953	12865
4	11479	85981	13085
4	11484	85993	12649
4	11490	86024	13000
4	11494	86120	12712
4	11510	86266	12794
4	11524	86318	12654
4	11528	86351	13071

