version 3
run General-2-20240513-00:14:32-20028
attr configname General
attr datetime 20240513-00:14:32
attr datetimef 20240513-001432
attr experiment General
attr inifile omnetpp.ini
attr iterationvars ""
attr iterationvarsd ""
attr iterationvarsf ""
attr measurement ""
attr network AirportControl
attr processid 20028
attr repetition 2
attr replication #2
attr resultdir results
attr runnumber 2
attr seedset 2
config network AirportControl
config repeat 10
config simtime-resolution s
config sim-time-limit 1440min
config **.PrioT_PCT.jobType 0
config **.PrioT_PCF.jobType 1
config **.PrioF_PCT.jobType 2
config **.PrioF_PCF.jobType 3
config **.PrioT_PCT.probArrival 0.04
config **.PrioT_PCF.probArrival 0.01
config **.PrioF_PCT.probArrival 0.01
config **.PrioF_PCF.probArrival 0.94
config **.PrioT_PCT.interarrivalRateRush 0.4min
config **.PrioT_PCF.interarrivalRateRush 0.4min
config **.PrioF_PCT.interarrivalRateRush 0.4min
config **.PrioF_PCF.interarrivalRateRush 0.4min
config **.PrioF_PCF.interarrivalRateNormal 1min
config **.PrioT_PCT.interarrivalRateNormal 1min
config **.PrioF_PCT.interarrivalRateNormal 1min
config **.PrioT_PCF.interarrivalRateNormal 1min
config **.PrioF_PCF.numberOfPeaks 4
config **.PrioF_PCT.numberOfPeaks 4
config **.PrioT_PCF.numberOfPeaks 4
config **.PrioT_PCT.numberOfPeaks 4
config **.PrioF_PCF.durationOfPeaks 150min
config **.PrioF_PCT.durationOfPeaks 150min
config **.PrioT_PCF.durationOfPeaks 150min
config **.PrioT_PCT.durationOfPeaks 150min
config **.PrioT_Server.serviceTime exponential(3min)
config **.PrioF_Server3.serviceTime exponential(5min)
config **.PrioF_Server2.serviceTime exponential(5min)
config **.PrioF_Server1.serviceTime exponential(5min)
config **.PrioF_Server0.serviceTime exponential(5min)
config **.NoPC_Server0.serviceTime exponential(3min)
config **.NoPC_Server3.serviceTime exponential(3min)
config **.NoPC_Server2.serviceTime exponential(3min)
config **.NoPC_Server1.serviceTime exponential(3min)
config **.PC_Server0.serviceTime exponential(1min)
config **.PC_Server1.serviceTime exponential(1min)

vector 0 AirportControl.PrioF_PQ queueLength:vector ETV
attr interpolationmode sample-hold
attr recordingmode vector
attr title "queue length"
vector 1 AirportControl.PrioT_PQ queueLength:vector ETV
attr interpolationmode sample-hold
attr recordingmode vector
attr title "queue length"
vector 2 AirportControl.NoPC_PQ queueLength:vector ETV
attr interpolationmode sample-hold
attr recordingmode vector
attr title "queue length"
vector 3 AirportControl.PC_PQ queueLength:vector ETV
attr interpolationmode sample-hold
attr recordingmode vector
attr title "queue length"
vector 4 AirportControl.sink lifeTime:vector ETV
attr interpolationmode none
attr recordingmode vector
attr title "lifetime of arrived jobs"
attr unit s
0	0	0	0
0	100	704	1
0	106	768	2
0	107	813	1
0	113	832	2
0	114	856	1
0	120	896	2
0	123	949	1
0	129	960	2
0	130	985	1
0	135	1010	0
0	143	1024	1
0	146	1072	0
0	174	1216	1
0	175	1277	0
0	181	1280	1
0	185	1344	2
0	187	1408	3
0	190	1447	2
0	195	1467	1
0	201	1472	2
0	202	1488	1
0	214	1518	0
0	226	1536	1
0	229	1587	0
0	235	1600	1
0	238	1635	0
0	309	2112	1
0	310	2118	0
0	318	2176	1
0	319	2200	0
0	325	2240	1
0	326	2265	0
0	336	2304	1
0	338	2368	2
0	339	2374	1
0	346	2427	0
0	352	2432	1
0	353	2457	0
0	359	2496	1
0	360	2525	0
0	366	2560	1
0	372	2624	2
0	373	2673	1
0	379	2688	2
0	380	2733	1
0	386	2752	2
0	389	2789	1
0	397	2816	2
0	400	2858	1
0	406	2880	2
0	408	2944	3
0	413	3008	4
0	414	3025	3
0	419	3040	2
0	427	3072	3
0	435	3136	4
0	437	3156	3
0	446	3200	4
0	447	3229	3
0	453	3264	4
0	457	3328	5
0	458	3334	4
0	463	3360	3
0	468	3392	4
0	473	3456	5
0	474	3459	4
0	478	3465	3
0	482	3497	2
0	487	3520	3
0	500	3584	4
0	502	3648	5
0	503	3653	4
0	508	3682	3
0	512	3703	2
0	517	3712	3
0	518	3738	2
0	529	3776	3
0	534	3840	4
0	538	3904	5
0	542	3968	6
0	543	4030	5
0	549	4032	6
0	550	4078	5
0	556	4096	6
0	558	4160	7
0	560	4224	8
0	566	4288	9
0	570	4352	10
0	571	4354	9
0	576	4361	8
0	584	4416	9
0	585	4417	8
0	593	4480	9
0	597	4513	8
0	604	4521	7
0	612	4544	8
0	616	4608	9
0	617	4630	8
0	627	4672	9
0	631	4736	10
0	632	4788	9
0	638	4800	10
0	640	4864	11
0	644	4928	12
0	647	4952	11
0	652	4963	10
0	658	4992	11
0	660	5056	12
0	661	5080	11
0	669	5120	12
0	670	5162	11
0	675	5170	10
0	680	5184	11
0	685	5248	12
0	688	5265	11
0	695	5309	10
0	701	5312	11
0	707	5376	12
0	708	5439	11
0	714	5440	12
0	715	5443	11
0	720	5452	10
0	728	5504	11
0	733	5546	10
0	741	5568	11
0	743	5632	12
0	744	5665	11
0	749	5673	10
0	755	5696	11
0	758	5705	10
0	766	5760	11
0	769	5808	10
0	775	5824	11
0	776	5852	10
0	782	5888	11
0	783	5922	10
0	791	5952	11
0	794	5999	10
0	803	6000	11
0	806	6013	10
0	810	6014	9
0	815	6016	10
0	819	6050	9
0	823	6052	8
0	828	6080	9
0	835	6139	8
0	840	6144	9
0	841	6163	8
0	852	6208	9
0	853	6239	8
0	861	6272	9
0	867	6311	8
0	873	6336	9
0	879	6400	10
0	881	6464	11
0	887	6528	12
0	888	6541	11
0	894	6592	12
0	901	6656	13
0	905	6720	14
0	909	6784	15
0	910	6810	14
0	916	6848	15
0	918	6912	16
0	923	6945	15
0	929	6976	16
0	930	7037	15
0	935	7038	14
0	941	7040	15
0	942	7080	14
0	950	7104	15
0	951	7113	14
0	965	7168	15
0	969	7232	16
0	973	7296	17
0	975	7360	18
0	976	7397	17
0	982	7424	18
0	986	7488	19
0	987	7494	18
0	998	7552	19
0	999	7569	18
0	1004	7594	17
0	1010	7616	18
0	1011	7632	17
0	1016	7648	16
0	1024	7680	17
0	1030	7744	18
0	1032	7808	19
0	1034	7872	20
0	1035	7875	19
0	1041	7936	20
0	1049	8000	21
0	1050	8063	20
0	1056	8064	21
0	1057	8074	20
0	1067	8128	21
0	1071	8192	22
0	1073	8256	23
0	1074	8296	22
0	1080	8320	23
0	1081	8325	22
0	1086	8355	21
0	1092	8384	22
0	1093	8413	21
0	1098	8448	22
0	1100	8512	23
0	1107	8576	24
0	1108	8618	23
0	1114	8640	24
0	1117	8669	23
0	1122	8681	22
0	1132	8704	23
0	1140	8768	24
0	1141	8820	23
0	1146	8821	22
0	1152	8832	23
0	1153	8883	22
0	1159	8896	23
0	1160	8905	22
0	1165	8907	21
0	1169	8910	20
0	1173	8910	19
0	1177	8918	18
0	1184	8947	17
0	1192	8960	18
0	1202	9001	17
0	1206	9005	16
0	1214	9024	17
0	1215	9042	16
0	1223	9088	17
0	1224	9101	16
0	1238	9152	17
0	1239	9197	16
0	1243	9208	15
0	1248	9216	16
0	1255	9268	15
0	1265	9280	16
0	1269	9315	15
0	1276	9344	16
0	1286	9408	17
0	1287	9466	16
0	1293	9472	17
0	1296	9526	16
0	1302	9536	17
0	1305	9579	16
0	1311	9600	17
0	1313	9664	18
0	1315	9728	19
0	1316	9768	18
0	1321	9775	17
0	1329	9792	18
0	1330	9808	17
0	1335	9842	16
0	1340	9856	17
0	1345	9920	18
0	1351	9984	19
0	1357	10048	20
0	1359	10112	21
0	1360	10126	20
0	1365	10136	19
0	1371	10176	20
0	1372	10181	19
0	1379	10191	18
0	1386	10214	17
0	1391	10218	16
0	1396	10223	15
0	1401	10240	16
0	1406	10304	17
0	1409	10323	16
0	1414	10339	15
0	1418	10351	14
0	1422	10359	13
0	1427	10368	14
0	1428	10372	13
0	1432	10379	12
0	1443	10432	13
0	1444	10490	12
0	1449	10496	13
0	1453	10505	12
0	1457	10514	11
0	1461	10530	10
0	1469	10547	9
0	1473	10548	8
0	1478	10560	9
0	1482	10624	10
0	1483	10625	9
0	1493	10669	8
0	1498	10688	9
0	1509	10752	10
0	1513	10796	9
0	1521	10816	10
0	1522	10838	9
0	1530	10880	10
0	1534	10931	9
0	1539	10944	10
0	1540	10956	9
0	1548	11008	10
0	1553	11072	11
0	1557	11107	10
0	1562	11136	11
0	1563	11141	10
0	1567	11154	9
0	1572	11200	10
0	1576	11224	9
0	1587	11264	10
0	1594	11286	9
0	1602	11328	10
0	1606	11365	9
0	1610	11368	8
0	1618	11392	9
0	1620	11456	10
0	1621	11457	9
0	1629	11520	10
0	1633	11553	9
0	1640	11578	8
0	1645	11584	9
0	1653	11648	10
0	1659	11712	11
0	1660	11737	10
0	1668	11776	11
0	1670	11840	12
0	1673	11895	11
0	1679	11904	12
0	1680	11917	11
0	1686	11968	12
0	1693	12000	13
0	1699	12032	14
0	1700	12056	13
0	1706	12096	14
0	1715	12160	15
0	1721	12224	16
0	1727	12288	17
0	1728	12322	16
0	1733	12330	15
0	1739	12352	16
0	1740	12399	15
0	1746	12416	16
0	1749	12431	15
0	1754	12456	14
0	1766	12480	15
0	1767	12484	14
0	1775	12544	15
0	1776	12551	14
0	1781	12556	13
0	1787	12608	14
0	1791	12672	15
0	1792	12698	14
0	1800	12736	15
0	1803	12756	14
0	1811	12800	15
0	1815	12864	16
0	1817	12928	17
0	1818	12951	16
0	1826	12992	17
0	1828	13056	18
0	1830	13120	19
0	1831	13176	18
0	1837	13184	19
0	1839	13248	20
0	1845	13312	21
0	1846	13314	20
0	1851	13337	19
0	1857	13376	20
0	1858	13385	19
0	1863	13386	18
0	1868	13411	17
0	1876	13440	18
0	1882	13502	17
0	1888	13504	18
0	1889	13526	17
0	1893	13548	16
0	1901	13568	17
0	1906	13632	18
0	1907	13660	17
0	1911	13671	16
0	1916	13696	17
0	1924	13760	18
0	1928	13824	19
0	1934	13888	20
0	1940	13952	21
0	1941	13984	20
0	1946	14014	19
0	1952	14016	20
0	1953	14026	19
0	1967	14080	20
0	1970	14096	19
0	1975	14102	18
0	1980	14142	17
0	1988	14144	18
0	1992	14208	19
0	1993	14271	18
0	1999	14272	19
0	2003	14336	20
0	2005	14400	21
0	2009	14464	22
0	2010	14521	21
0	2015	14524	20
0	2021	14528	21
0	2024	14574	20
0	2030	14592	21
0	2033	14643	20
0	2039	14656	21
0	2040	14702	20
0	2046	14720	21
0	2050	14784	22
0	2054	14848	23
0	2056	14912	24
0	2060	14976	25
0	2068	15012	24
0	2075	15037	23
0	2081	15040	24
0	2082	15046	23
0	2087	15061	22
0	2093	15104	23
0	2094	15121	22
0	2099	15168	23
0	2100	15190	22
0	2104	15208	21
0	2109	15232	22
0	2110	15251	21
0	2115	15296	22
0	2120	15360	23
0	2128	15424	24
0	2133	15488	25
0	2134	15503	24
0	2142	15552	25
0	2145	15581	24
0	2150	15582	23
0	2160	15616	24
0	2164	15680	25
0	2167	15699	24
0	2176	15743	23
0	2182	15744	24
0	2186	15808	25
0	2188	15872	26
0	2189	15876	25
0	2197	15936	26
0	2199	16000	27
0	2200	16023	26
0	2207	16052	25
0	2213	16064	26
0	2215	16128	27
0	2219	16192	28
0	2220	16196	27
0	2225	16255	26
0	2231	16256	27
0	2235	16320	28
0	2237	16384	29
0	2239	16448	30
0	2244	16512	31
0	2245	16527	30
0	2250	16561	29
0	2256	16576	30
0	2259	16603	29
0	2269	16640	30
0	2272	16686	29
0	2278	16704	30
0	2279	16712	29
0	2287	16768	30
0	2288	16771	29
0	2298	16832	30
0	2302	16896	31
0	2303	16919	30
0	2308	16937	29
0	2315	16957	28
0	2321	16960	29
0	2327	17024	30
0	2329	17088	31
0	2330	17143	30
0	2336	17152	31
0	2337	17181	30
0	2342	17183	29
0	2349	17202	28
0	2354	17216	29
0	2358	17260	28
0	2366	17280	29
0	2367	17285	28
0	2371	17289	27
0	2382	17344	28
0	2383	17352	27
0	2387	17358	26
0	2392	17408	27
0	2393	17412	26
0	2406	17439	25
0	2410	17471	24
0	2415	17472	25
0	2416	17485	24
0	2424	17536	25
0	2425	17543	24
0	2433	17600	25
0	2434	17606	24
0	2444	17660	23
0	2449	17664	24
0	2453	17701	23
0	2458	17728	24
0	2459	17738	23
0	2467	17792	24
0	2469	17856	25
0	2480	17918	24
0	2485	17920	23
0	2489	17920	24
0	2492	17933	23
0	2499	17980	22
0	2504	17984	23
0	2509	18000	24
0	2517	18048	25
0	2519	18112	26
0	2523	18150	25
0	2530	18164	24
0	2535	18176	25
0	2540	18240	26
0	2541	18256	25
0	2545	18262	24
0	2549	18267	23
0	2557	18304	24
0	2569	18368	25
0	2573	18399	24
0	2580	18432	25
0	2589	18496	26
0	2593	18560	27
0	2595	18624	28
0	2597	18688	29
0	2599	18752	30
0	2600	18792	29
0	2606	18816	30
0	2610	18880	31
0	2614	18944	32
0	2616	19008	33
0	2617	19023	32
0	2623	19072	33
0	2625	19136	34
0	2627	19200	35
0	2631	19264	36
0	2633	19328	37
0	2635	19392	38
0	2637	19456	39
0	2641	19513	38
0	2646	19519	37
0	2652	19520	38
0	2656	19584	39
0	2657	19589	38
0	2662	19596	37
0	2667	19597	36
0	2672	19612	35
0	2680	19648	36
0	2689	19700	35
0	2697	19712	36
0	2698	19714	35
0	2705	19767	34
0	2711	19776	35
0	2715	19840	36
0	2716	19843	35
0	2721	19901	34
0	2726	19904	35
0	2727	19924	34
0	2732	19934	33
0	2745	19968	34
0	2746	19969	33
0	2753	19980	32
0	2757	19989	31
0	2764	20010	30
0	2769	20032	31
0	2778	20056	30
0	2783	20061	29
0	2793	20096	30
0	2794	20122	29
0	2802	20160	30
0	2808	20224	31
0	2809	20261	30
0	2815	20288	31
0	2818	20351	30
0	2824	20352	31
0	2827	20391	30
0	2833	20416	31
0	2834	20478	30
0	2840	20480	31
0	2844	20544	32
0	2848	20608	33
0	2849	20639	32
0	2856	20653	31
0	2862	20672	32
0	2866	20736	33
0	2867	20755	32
0	2873	20800	33
0	2877	20864	34
0	2878	20917	33
0	2884	20928	34
0	2886	20992	35
0	2893	21056	36
0	2894	21117	35
0	2900	21120	36
0	2908	21184	37
0	2911	21229	36
0	2916	21248	35
0	2920	21248	36
0	2924	21312	37
0	2925	21340	36
0	2932	21352	35
0	2938	21376	36
0	2942	21440	37
0	2944	21504	38
0	2946	21568	39
0	2949	21581	38
0	2954	21594	37
0	2964	21632	38
0	2965	21679	37
0	2972	21695	36
0	2978	21696	37
0	2980	21760	38
0	2983	21779	37
0	2993	21824	38
0	2995	21888	39
0	2996	21912	38
0	3001	21915	37
0	3006	21939	36
0	3012	21952	37
0	3015	22003	36
0	3021	22016	37
0	3022	22027	36
0	3026	22059	35
0	3031	22080	36
0	3039	22144	37
0	3040	22154	36
0	3047	22159	35
0	3054	22173	34
0	3061	22190	33
0	3069	22208	34
0	3070	22209	33
0	3074	22212	32
0	3085	22272	33
0	3087	22336	34
0	3090	22379	33
0	3096	22400	34
0	3102	22464	35
0	3105	22490	34
0	3114	22528	35
0	3115	22539	34
0	3126	22566	33
0	3134	22592	34
0	3137	22637	33
0	3142	22651	32
0	3148	22656	33
0	3149	22688	32
0	3154	22720	33
0	3155	22736	32
0	3160	22784	33
0	3165	22848	34
0	3166	22853	33
0	3171	22912	34
0	3181	22976	35
0	3186	23030	34
0	3191	23039	33
0	3197	23040	34
0	3198	23053	33
0	3204	23104	34
0	3206	23168	35
0	3209	23186	34
0	3217	23232	35
0	3221	23296	36
0	3222	23300	35
0	3227	23336	34
0	3235	23360	35
0	3238	23408	34
0	3245	23418	33
0	3251	23424	34
0	3255	23488	35
0	3259	23552	36
0	3261	23616	37
0	3262	23667	36
0	3268	23680	37
0	3272	23744	38
0	3274	23808	39
0	3278	23872	40
0	3280	23936	41
0	3281	23970	40
0	3286	23971	39
0	3291	23974	38
0	3301	24000	39
0	3303	24000	40
0	3311	24064	41
0	3321	24128	42
0	3322	24133	41
0	3331	24174	40
0	3337	24192	41
0	3341	24256	42
0	3343	24320	43
0	3344	24344	42
0	3352	24384	43
0	3356	24448	44
0	3359	24465	43
0	3367	24512	44
0	3368	24514	43
0	3375	24575	42
0	3381	24576	43
0	3382	24585	42
0	3387	24593	41
0	3393	24640	42
0	3395	24704	43
0	3396	24761	42
0	3402	24768	43
0	3403	24808	42
0	3413	24832	43
0	3417	24896	44
0	3419	24960	45
0	3420	24963	44
0	3425	24994	43
0	3431	25024	44
0	3432	25047	43
0	3436	25058	42
0	3444	25088	43
0	3448	25142	42
0	3453	25152	43
0	3457	25175	42
0	3464	25194	41
0	3468	25207	40
0	3476	25216	41
0	3483	25280	42
0	3486	25305	41
0	3492	25344	42
0	3498	25408	43
0	3502	25472	44
0	3507	25536	45
0	3508	25565	44
0	3520	25600	45
0	3524	25664	46
0	3525	25697	45
0	3531	25728	46
0	3533	25792	47
0	3534	25808	46
0	3539	25816	45
0	3546	25846	44
0	3552	25856	45
0	3553	25899	44
0	3558	25920	43
0	3562	25920	44
0	3569	25965	43
0	3575	25984	44
0	3578	26020	43
0	3586	26048	44
0	3587	26058	43
0	3595	26112	44
0	3596	26165	43
0	3602	26176	44
0	3606	26240	45
0	3609	26254	44
0	3617	26304	45
0	3619	26368	46
0	3623	26432	47
0	3624	26438	46
0	3630	26496	47
0	3631	26508	46
0	3636	26509	45
0	3641	26531	44
0	3651	26560	45
0	3654	26594	44
0	3659	26600	43
0	3666	26612	42
0	3674	26624	43
0	3675	26629	42
0	3683	26688	43
0	3684	26704	42
0	3693	26737	41
0	3699	26752	42
0	3702	26808	41
0	3708	26816	42
0	3712	26880	43
0	3716	26944	44
0	3717	26952	43
0	3724	26970	42
0	3733	27008	43
0	3734	27013	42
0	3739	27059	41
0	3745	27072	42
0	3746	27083	41
0	3750	27103	40
0	3755	27136	41
0	3756	27157	40
0	3760	27185	39
0	3764	27192	38
0	3768	27195	37
0	3779	27200	38
0	3780	27245	37
0	3785	27264	38
0	3796	27328	39
0	3800	27356	38
0	3804	27384	37
0	3812	27392	38
0	3826	27456	39
0	3829	27476	38
0	3839	27520	39
0	3841	27584	40
0	3842	27595	39
0	3849	27623	38
0	3854	27639	37
0	3860	27648	38
0	3868	27712	39
0	3870	27776	40
0	3872	27840	41
0	3875	27899	40
0	3881	27904	41
0	3883	27968	42
0	3885	28032	43
0	3887	28096	44
0	3888	28098	43
0	3893	28138	42
0	3901	28160	43
0	3905	28224	44
0	3907	28288	45
0	3909	28352	46
0	3910	28368	45
0	3915	28376	44
0	3920	28396	43
0	3926	28416	44
0	3928	28480	45
0	3937	28544	46
0	3947	28608	47
0	3949	28672	48
0	3953	28736	49
0	3954	28779	48
0	3960	28800	49
0	3962	28864	50
0	3964	28928	51
0	3965	28989	50
0	3971	28992	51
0	3972	29053	50
0	3978	29056	51
0	3982	29120	52
0	3984	29184	53
0	3987	29238	52
0	3993	29248	53
0	3995	29312	54
0	3996	29314	53
0	4004	29376	54
0	4005	29379	53
0	4013	29440	54
0	4014	29458	53
0	4022	29504	54
0	4024	29568	55
0	4026	29632	56
0	4027	29688	55
0	4032	29693	54
0	4038	29696	55
0	4040	29760	56
0	4041	29772	55
0	4046	29824	56
0	4051	29888	57
0	4052	29937	56
0	4056	29951	55
0	4061	29952	56
0	4065	30000	55
0	4067	30000	56
0	4074	30016	57
0	4086	30080	58
0	4094	30144	59
0	4095	30164	58
0	4102	30200	57
0	4107	30208	58
0	4108	30237	57
0	4116	30272	58
0	4121	30307	57
0	4134	30336	58
0	4138	30400	59
0	4143	30460	58
0	4151	30464	59
0	4155	30528	60
0	4156	30584	59
0	4162	30592	60
0	4166	30656	61
0	4167	30664	60
0	4172	30683	59
0	4178	30720	60
0	4179	30777	59
0	4185	30784	60
0	4186	30786	59
0	4191	30823	58
0	4201	30848	59
0	4202	30910	58
0	4208	30912	59
0	4211	30948	58
0	4217	30976	59
0	4222	30999	58
0	4228	31040	59
0	4232	31104	60
0	4234	31168	61
0	4235	31170	60
0	4240	31182	59
0	4247	31205	58
0	4253	31232	59
0	4255	31296	60
0	4258	31309	59
0	4266	31360	60
0	4267	31386	59
0	4277	31424	60
0	4279	31488	61
0	4286	31552	62
0	4290	31616	63
0	4292	31680	64
0	4293	31704	63
0	4301	31744	64
0	4303	31808	65
0	4304	31865	64
0	4310	31872	65
0	4311	31879	64
0	4320	31889	63
0	4330	31936	64
0	4331	31940	63
0	4336	31960	62
0	4342	32000	63
0	4343	32028	62
0	4352	32064	63
0	4354	32075	62
0	4362	32128	63
0	4366	32192	64
0	4368	32256	65
0	4369	32292	64
0	4374	32298	63
0	4380	32320	64
0	4385	32384	63
0	4389	32384	64
0	4397	32448	65
0	4398	32463	64
0	4406	32512	65
0	4408	32576	66
0	4411	32637	65
0	4417	32640	66
0	4419	32704	67
0	4423	32768	68
0	4424	32804	67
0	4430	32832	68
0	4431	32865	67
0	4438	32895	66
0	4444	32896	67
0	4448	32960	68
0	4453	33024	69
0	4454	33029	68
0	4459	33069	67
0	4465	33088	68
0	4471	33152	69
0	4472	33173	68
0	4480	33216	69
0	4481	33234	68
0	4492	33279	67
0	4498	33280	68
0	4506	33344	69
0	4508	33408	70
0	4510	33472	71
0	4511	33494	70
0	4517	33536	71
0	4518	33598	70
0	4524	33600	71
0	4530	33664	72
0	4532	33728	73
0	4533	33764	72
0	4539	33792	73
0	4540	33832	72
0	4546	33856	73
0	4550	33920	74
0	4552	33984	75
0	4553	34033	74
0	4559	34048	75
0	4560	34072	74
0	4569	34100	73
0	4575	34112	74
0	4579	34176	75
0	4580	34202	74
0	4586	34240	75
0	4588	34304	76
0	4590	34368	77
0	4591	34381	76
0	4599	34432	77
0	4600	34475	76
0	4608	34496	77
0	4619	34560	78
0	4622	34622	77
0	4628	34624	78
0	4632	34688	79
0	4633	34739	78
0	4639	34752	79
0	4643	34816	80
0	4644	34834	79
0	4649	34846	78
0	4654	34876	77
0	4660	34880	78
0	4665	34939	77
0	4670	34944	76
0	4674	34944	77
0	4677	34949	76
0	4685	35008	77
0	4686	35044	76
0	4694	35072	77
0	4695	35075	76
0	4703	35136	77
0	4709	35200	78
0	4710	35236	77
0	4716	35264	78
0	4718	35328	79
0	4720	35392	80
0	4728	35456	81
0	4729	35497	80
0	4737	35520	81
0	4738	35552	80
0	4744	35584	81
0	4746	35648	82
0	4747	35681	81
0	4753	35712	82
0	4754	35722	81
0	4762	35776	82
0	4768	35840	83
0	4769	35847	82
0	4775	35904	83
0	4776	35913	82
0	4781	35961	81
0	4787	35968	82
0	4788	35984	81
0	4799	36000	82
0	4805	36032	83
0	4807	36096	84
0	4818	36160	85
0	4819	36197	84
0	4827	36224	85
0	4830	36280	84
0	4836	36288	85
0	4844	36352	86
0	4846	36416	87
0	4847	36426	86
0	4853	36480	87
0	4859	36544	88
0	4860	36545	87
0	4867	36603	86
0	4873	36608	87
0	4874	36625	86
0	4884	36672	87
0	4885	36685	86
0	4891	36736	87
0	4893	36800	88
0	4897	36864	89
0	4899	36928	90
0	4900	36979	89
0	4906	36992	90
0	4907	36998	89
0	4912	36999	88
0	4919	37044	87
0	4925	37056	88
0	4929	37120	89
0	4930	37127	88
0	4935	37131	87
0	4944	37161	86
0	4949	37176	85
0	4955	37184	86
0	4961	37248	87
0	4963	37312	88
0	4964	37343	87
0	4970	37376	88
0	4976	37440	89
0	4980	37500	88
0	4988	37504	89
0	4989	37530	88
0	4994	37533	87
0	4999	37535	86
0	5004	37548	85
0	5013	37568	86
0	5014	37570	85
0	5026	37608	84
0	5031	37609	83
0	5041	37632	84
0	5047	37696	85
0	5050	37732	84
0	5058	37760	85
0	5059	37814	84
0	5065	37824	85
0	5067	37888	86
0	5069	37952	87
0	5072	37973	86
0	5080	38016	87
0	5082	38080	88
0	5083	38093	87
0	5093	38144	88
0	5095	38208	89
0	5097	38272	90
0	5098	38286	89
0	5105	38321	88
0	5111	38336	89
0	5112	38352	88
0	5119	38393	87
0	5125	38400	88
0	5128	38437	87
0	5135	38450	86
0	5140	38456	85
0	5146	38464	86
0	5147	38482	85
0	5152	38483	84
0	5157	38528	85
0	5158	38537	84
0	5162	38539	83
0	5170	38592	84
0	5171	38604	83
0	5179	38656	84
0	5183	38712	83
0	5188	38720	84
0	5190	38731	83
0	5197	38784	84
0	5201	38806	83
0	5209	38848	84
0	5210	38865	83
0	5214	38898	82
0	5218	38907	81
0	5223	38912	82
0	5224	38915	81
0	5232	38976	82
0	5239	39007	81
0	5243	39013	80
0	5247	39025	79
0	5259	39040	80
0	5262	39104	79
0	5266	39104	80
0	5271	39164	79
0	5276	39168	80
0	5280	39183	79
0	5291	39232	80
0	5292	39258	79
0	5300	39296	80
0	5311	39360	81
0	5315	39366	80
0	5325	39424	81
0	5331	39488	82
0	5335	39552	83
0	5336	39598	82
0	5341	39612	81
0	5347	39616	82
0	5348	39680	81
0	5352	39680	82
0	5362	39744	83
0	5363	39799	82
0	5369	39808	83
0	5373	39872	84
0	5375	39936	85
0	5377	40000	86
0	5378	40041	85
0	5383	40044	84
0	5388	40046	83
0	5394	40064	84
0	5395	40080	83
0	5400	40106	82
0	5404	40112	81
0	5409	40128	82
0	5413	40189	81
0	5418	40192	82
0	5426	40256	83
0	5427	40260	82
0	5435	40320	83
0	5437	40384	84
0	5441	40448	85
0	5442	40457	84
0	5455	40512	85
0	5457	40576	86
0	5463	40640	87
0	5467	40704	88
0	5468	40720	87
0	5473	40735	86
0	5479	40768	87
0	5483	40832	88
0	5486	40860	87
0	5494	40896	88
0	5495	40906	87
0	5505	40960	88
0	5508	41023	87
0	5514	41024	88
0	5516	41088	89
0	5518	41152	90
0	5520	41216	91
0	5523	41276	90
0	5529	41280	91
0	5531	41344	92
0	5532	41383	91
0	5538	41408	92
0	5539	41414	91
0	5545	41472	92
0	5547	41536	93
0	5549	41600	94
0	5552	41643	93
0	5558	41664	94
0	5560	41728	95
0	5561	41758	94
0	5568	41788	93
0	5574	41792	94
0	5575	41854	93
0	5580	41856	94
0	5584	41887	93
0	5592	41920	94
0	5594	41930	93
0	5604	41967	92
0	5610	41984	93
0	5615	42000	94
0	5618	42021	93
0	5624	42048	94
0	5625	42089	93
0	5641	42112	94
0	5645	42138	93
0	5650	42176	94
0	5651	42202	93
0	5663	42239	92
0	5669	42240	93
0	5677	42304	94
0	5681	42368	95
0	5683	42432	96
0	5684	42469	95
0	5690	42496	96
0	5691	42528	95
0	5699	42560	96
0	5701	42624	97
0	5703	42688	98
0	5707	42752	99
0	5708	42770	98
0	5715	42807	97
0	5721	42816	98
0	5724	42842	97
0	5730	42880	98
0	5731	42881	97
0	5738	42926	96
0	5744	42944	97
0	5745	42957	96
0	5753	43008	97
0	5754	43030	96
0	5760	43072	97
0	5766	43136	98
0	5767	43185	97
0	5775	43200	98
0	5777	43264	99
0	5778	43268	98
0	5783	43293	97
0	5788	43309	96
0	5793	43328	97
0	5794	43345	96
0	5799	43392	97
0	5800	43411	96
0	5808	43456	97
0	5813	43520	98
0	5827	43584	99
0	5828	43586	98
0	5836	43648	99
0	5837	43652	98
0	5849	43712	99
0	5853	43776	100
0	5855	43840	101
0	5856	43853	100
0	5861	43870	99
0	5867	43904	100
0	5870	43942	99
0	5877	43958	98
0	5884	43964	97
0	5890	43968	98
0	5893	44029	97
0	5899	44032	98
0	5900	44065	97
0	5909	44076	96
0	5915	44096	97
0	5916	44154	96
0	5922	44160	97
0	5928	44224	98
0	5930	44288	99
0	5933	44305	98
0	5938	44327	97
0	5944	44352	98
0	5947	44372	97
0	5955	44416	98
0	5956	44432	97
0	5961	44480	96
0	5965	44480	97
0	5968	44486	96
0	5972	44513	95
0	5977	44544	96
0	5982	44608	97
0	5989	44672	98
0	5990	44680	97
0	5996	44736	98
0	6000	44800	99
0	6003	44859	98
0	6009	44864	99
0	6010	44866	98
0	6015	44891	97
0	6029	44928	98
0	6030	44967	97
0	6036	44992	98
0	6042	45045	97
0	6047	45053	96
0	6053	45056	97
0	6059	45120	98
0	6060	45133	97
0	6072	45184	98
0	6078	45248	99
0	6079	45283	98
0	6084	45291	97
0	6090	45312	98
0	6091	45348	97
0	6098	45373	96
0	6106	45376	97
0	6107	45383	96
0	6117	45440	97
0	6120	45479	96
0	6125	45486	95
0	6133	45504	96
0	6134	45512	95
0	6139	45564	94
0	6145	45568	95
0	6146	45579	94
0	6154	45632	95
0	6156	45696	96
0	6159	45754	95
0	6165	45760	96
0	6166	45766	95
0	6172	45824	96
0	6173	45848	95
0	6177	45864	94
0	6182	45888	95
0	6184	45952	96
0	6185	45962	95
0	6196	46016	96
0	6197	46025	95
0	6201	46066	94
0	6208	46075	93
0	6213	46080	94
0	6217	46139	93
0	6222	46144	94
0	6223	46155	93
0	6227	46172	92
0	6232	46208	93
0	6240	46272	94
0	6242	46336	95
0	6243	46353	94
0	6257	46400	95
0	6262	46464	96
0	6268	46502	95
0	6275	46521	94
0	6281	46528	95
0	6282	46535	94
0	6287	46592	95
0	6288	46618	94
0	6293	46656	95
0	6294	46691	94
0	6298	46720	93
0	6302	46720	94
0	6305	46784	95
0	6306	46785	94
0	6319	46847	93
0	6324	46848	94
0	6325	46852	93
0	6333	46912	94
0	6337	46930	93
0	6344	46951	92
0	6349	46976	93
0	6357	47040	94
0	6365	47104	95
0	6366	47120	94
0	6371	47168	95
0	6376	47232	96
0	6377	47236	95
0	6391	47296	94
0	6395	47296	95
0	6400	47329	94
0	6406	47360	95
0	6410	47424	96
0	6414	47488	97
0	6418	47552	98
0	6419	47560	97
0	6427	47616	98
0	6428	47661	97
0	6434	47680	98
0	6435	47720	97
0	6443	47744	98
0	6446	47804	97
0	6452	47808	98
0	6455	47864	97
0	6461	47872	98
0	6462	47924	97
0	6468	47936	98
0	6471	47966	97
0	6481	48000	98
0	6483	48000	99
0	6485	48002	98
0	6489	48002	97
0	6505	48064	98
0	6506	48105	97
0	6512	48128	98
0	6517	48160	97
0	6524	48180	96
0	6530	48192	97
0	6531	48202	96
0	6537	48256	97
0	6543	48320	98
0	6546	48369	97
0	6547	48369	96
0	6556	48372	95
0	6562	48384	96
0	6569	48446	95
0	6575	48448	96
0	6579	48512	97
0	6580	48572	96
0	6588	48576	97
0	6591	48598	96
0	6599	48640	97
0	6601	48704	98
0	6602	48748	97
0	6608	48768	98
0	6613	48822	97
0	6619	48832	98
0	6623	48896	99
0	6627	48960	100
0	6628	49004	99
0	6636	49024	100
0	6640	49088	101
0	6641	49095	100
0	6646	49104	99
0	6656	49152	100
0	6658	49216	101
0	6659	49226	100
0	6666	49278	99
0	6672	49280	100
0	6673	49318	99
0	6678	49332	98
0	6684	49344	99
0	6688	49408	100
0	6692	49472	101
0	6699	49536	102
0	6701	49600	103
0	6702	49606	102
0	6711	49640	101
0	6719	49664	102
0	6723	49728	103
0	6726	49780	102
0	6732	49792	103
0	6736	49856	104
0	6738	49920	105
0	6739	49931	104
0	6745	49984	105
0	6747	50048	106
0	6748	50049	105
0	6753	50068	104
0	6758	50072	103
0	6763	50091	102
0	6771	50112	103
0	6772	50141	102
0	6777	50176	103
0	6778	50180	102
0	6783	50240	103
0	6788	50304	104
0	6792	50351	103
0	6797	50368	104
0	6801	50392	103
0	6806	50432	104
0	6811	50496	105
0	6812	50503	104
0	6820	50560	105
0	6821	50566	104
0	6826	50624	105
0	6828	50626	104
0	6834	50653	103
0	6838	50657	102
0	6849	50688	103
0	6850	50699	102
0	6858	50752	103
0	6864	50775	102
0	6871	50803	101
0	6877	50816	102
0	6878	50826	101
0	6883	50880	102
0	6890	50944	103
0	6893	50977	102
0	6902	51008	103
0	6905	51065	102
0	6911	51072	103
0	6912	51104	102
0	6922	51136	103
0	6923	51167	102
0	6930	51200	103
0	6935	51264	104
0	6939	51328	105
0	6940	51346	104
0	6950	51392	105
0	6952	51456	106
0	6954	51520	107
0	6955	51532	106
0	6960	51536	105
0	6965	51574	104
0	6970	51584	105
0	6975	51648	106
0	6978	51706	105
0	6984	51712	106
0	6985	51736	105
0	6989	51748	104
0	7000	51776	105
0	7001	51783	104
0	7013	51840	105
0	7015	51904	106
0	7018	51942	105
0	7024	51968	106
0	7030	52032	107
0	7032	52096	108
0	7033	52151	107
0	7039	52160	108
0	7043	52224	109
0	7044	52285	108
0	7050	52288	109
0	7052	52352	110
0	7055	52379	109
0	7060	52384	108
0	7070	52416	109
0	7072	52480	110
0	7083	52544	111
0	7085	52608	112
0	7086	52624	111
0	7091	52634	110
0	7096	52648	109
0	7104	52672	110
0	7106	52736	111
0	7110	52800	112
0	7113	52843	111
0	7121	52864	112
0	7122	52902	111
0	7128	52928	112
0	7129	52978	111
0	7135	52992	112
0	7141	53056	113
0	7142	53100	112
0	7148	53120	113
0	7152	53184	114
0	7154	53248	115
0	7155	53269	114
0	7161	53312	115
0	7163	53376	116
0	7167	53440	117
0	7168	53454	116
0	7173	53490	115
0	7179	53504	116
0	7183	53568	117
0	7184	53592	116
0	7190	53632	117
0	7192	53696	118
0	7195	53746	117
0	7201	53760	118
0	7203	53824	119
0	7205	53888	120
0	7206	53951	119
0	7212	53952	120
0	7221	54000	121
0	7225	54016	122
0	7229	54080	123
0	7235	54112	122
0	7241	54144	123
0	7243	54208	124
0	7245	54272	125
0	7246	54308	124
0	7251	54316	123
0	7257	54336	124
0	7258	54397	123
0	7263	54400	124
0	7274	54464	125
0	7278	54528	126
0	7280	54540	125
0	7289	54592	126
0	7290	54631	125
0	7296	54656	126
0	7297	54667	125
0	7303	54720	126
0	7307	54784	127
0	7309	54811	126
0	7316	54848	127
0	7317	54886	126
0	7323	54912	127
0	7324	54921	126
0	7331	54946	125
0	7338	54959	124
0	7342	54970	123
0	7347	54976	124
0	7351	55036	123
0	7359	55040	124
0	7363	55086	123
0	7371	55104	124
0	7372	55136	123
0	7380	55168	124
0	7381	55187	123
0	7385	55209	122
0	7389	55231	121
0	7394	55232	122
0	7398	55259	121
0	7402	55290	120
0	7407	55296	121
0	7420	55347	120
0	7425	55360	121
0	7429	55388	120
0	7439	55424	121
0	7445	55488	122
0	7452	55552	123
0	7458	55616	124
0	7459	55617	123
0	7466	55637	122
0	7472	55680	123
0	7473	55715	122
0	7480	55723	121
0	7486	55744	122
0	7487	55759	121
0	7495	55808	122
0	7496	55809	121
0	7504	55872	122
0	7508	55936	123
0	7510	56000	124
0	7511	56025	123
0	7520	56040	122
0	7526	56064	123
0	7527	56071	122
0	7537	56128	123
0	7538	56146	122
0	7543	56179	121
0	7548	56188	120
0	7554	56192	121
0	7555	56197	120
0	7567	56256	121
0	7572	56307	120
0	7578	56320	121
0	7579	56324	120
0	7584	56369	119
0	7589	56380	118
0	7595	56384	119
0	7597	56448	120
0	7605	56512	121
0	7606	56537	120
0	7614	56576	121
0	7615	56601	120
0	7621	56640	121
0	7622	56647	120
0	7627	56689	119
0	7633	56704	120
0	7639	56768	121
0	7640	56823	120
0	7645	56829	119
0	7651	56832	120
0	7652	56859	119
0	7660	56896	120
0	7666	56960	121
0	7671	57024	122
0	7672	57047	121
0	7680	57088	122
0	7682	57152	123
0	7687	57180	122
0	7692	57210	121
0	7698	57216	122
0	7699	57239	121
0	7706	57261	120
0	7713	57280	121
0	7714	57282	120
0	7725	57344	121
0	7726	57399	120
0	7731	57408	121
0	7738	57472	122
0	7740	57536	123
0	7741	57574	122
0	7747	57600	123
0	7750	57662	122
0	7756	57664	123
0	7757	57696	122
0	7767	57728	123
0	7771	57792	124
0	7772	57815	123
0	7777	57847	122
0	7783	57856	123
0	7784	57912	122
0	7789	57920	123
0	7793	57947	122
0	7801	57984	123
0	7804	58012	122
0	7810	58048	123
0	7811	58059	122
0	7815	58072	121
0	7819	58080	120
0	7827	58112	121
0	7828	58118	120
0	7833	58176	121
0	7834	58230	120
0	7839	58240	121
0	7840	58245	120
0	7844	58248	119
0	7848	58258	118
0	7855	58304	117
0	7859	58304	118
0	7861	58315	117
0	7869	58368	118
0	7873	58414	117
0	7877	58418	116
0	7888	58432	117
0	7889	58441	116
0	7900	58496	117
0	7905	58560	118
0	7909	58568	117
0	7916	58579	116
0	7920	58606	115
0	7924	58607	114
0	7929	58624	115
0	7940	58688	116
0	7941	58724	115
0	7949	58752	116
0	7966	58816	117
0	7977	58880	118
0	7978	58894	117
0	7983	58915	116
0	7988	58924	115
0	7996	58944	116
0	8002	59008	117
0	8005	59066	116
0	8011	59072	117
0	8012	59094	116
0	8020	59136	117
0	8021	59141	116
0	8026	59193	115
0	8031	59200	114
0	8035	59200	115
0	8038	59201	114
0	8048	59264	115
0	8049	59285	114
0	8057	59328	115
0	8058	59329	114
0	8068	59392	115
0	8069	59454	114
0	8075	59456	115
0	8078	59488	114
0	8083	59502	113
0	8089	59520	114
0	8095	59584	115
0	8096	59587	114
0	8101	59612	113
0	8107	59648	114
0	8108	59655	113
0	8112	59676	112
0	8119	59706	111
0	8127	59712	112
0	8134	59776	113
0	8135	59779	112
0	8140	59795	111
0	8144	59804	110
0	8152	59840	111
0	8159	59904	112
0	8160	59921	111
0	8166	59968	112
0	8177	60000	113
0	8188	60032	114
0	8190	60096	115
0	8193	60099	114
0	8199	60160	115
0	8200	60191	114
0	8208	60224	115
0	8209	60231	114
0	8214	60252	113
0	8228	60288	114
0	8232	60352	115
0	8233	60391	114
0	8238	60392	113
0	8244	60416	114
0	8249	60468	113
0	8257	60480	114
0	8258	60493	113
0	8263	60495	112
0	8273	60544	113
0	8274	60586	112
0	8279	60590	111
0	8285	60608	112
0	8291	60672	113
0	8292	60697	112
0	8297	60735	111
0	8303	60736	112
0	8304	60787	111
0	8310	60800	112
0	8314	60864	113
0	8318	60928	114
0	8322	60992	115
0	8324	61056	116
0	8325	61092	115
0	8330	61102	114
0	8336	61120	115
0	8338	61184	116
0	8344	61248	117
0	8345	61275	116
0	8351	61312	117
0	8355	61376	118
0	8356	61419	117
0	8362	61440	118
0	8363	61449	117
0	8368	61471	116
0	8373	61487	115
0	8382	61504	116
0	8383	61529	115
0	8397	61568	116
0	8401	61632	117
0	8407	61696	118
0	8411	61760	119
0	8413	61824	120
0	8414	61857	119
0	8419	61879	118
0	8425	61888	119
0	8426	61923	118
0	8433	61932	117
0	8439	61952	118
0	8443	62016	119
0	8447	62080	120
0	8449	62144	121
0	8453	62208	122
0	8454	62233	121
0	8464	62272	122
0	8466	62336	123
0	8468	62400	124
0	8470	62464	125
0	8471	62498	124
0	8477	62528	125
0	8481	62592	126
0	8483	62656	127
0	8485	62720	128
0	8487	62784	129
0	8489	62848	130
0	8490	62880	129
0	8496	62912	130
0	8497	62952	129
0	8505	62976	130
0	8516	63040	131
0	8517	63060	130
0	8522	63081	129
0	8528	63104	130
0	8529	63117	129
0	8539	63168	130
0	8540	63190	129
0	8545	63207	128
0	8550	63223	127
0	8555	63232	128
0	8562	63296	129
0	8568	63360	130
0	8570	63424	131
0	8571	63437	130
0	8578	63486	129
0	8584	63488	130
0	8585	63494	129
0	8593	63552	130
0	8595	63616	131
0	8596	63647	130
0	8606	63680	131
0	8607	63682	130
0	8614	63719	129
0	8620	63744	130
0	8621	63753	129
0	8627	63808	130
0	8628	63849	129
0	8640	63872	130
0	8642	63936	131
0	8643	63943	130
0	8648	63983	129
0	8654	64000	130
0	8660	64064	131
0	8663	64107	130
0	8669	64128	131
0	8670	64159	130
0	8675	64175	129
0	8681	64192	130
0	8682	64225	129
0	8688	64256	130
0	8689	64280	129
0	8697	64320	130
0	8698	64336	129
0	8702	64367	128
0	8710	64384	129
0	8715	64448	130
0	8718	64485	129
0	8727	64512	130
0	8733	64576	131
0	8741	64640	132
0	8746	64666	131
0	8751	64670	130
0	8757	64704	131
0	8758	64711	130
0	8766	64768	131
0	8768	64832	132
0	8769	64864	131
0	8774	64890	130
0	8780	64896	131
0	8782	64960	132
0	8783	64967	131
0	8791	65024	132
0	8796	65068	131
0	8802	65088	132
0	8806	65152	133
0	8808	65216	134
0	8809	65222	133
0	8815	65280	134
0	8817	65344	135
0	8820	65352	134
0	8830	65408	135
0	8834	65472	136
0	8835	65476	135
0	8841	65536	136
0	8842	65554	135
0	8849	65587	134
0	8855	65600	135
0	8856	65627	134
0	8863	65652	133
0	8869	65664	134
0	8873	65728	135
0	8874	65760	134
0	8882	65792	135
0	8886	65856	136
0	8887	65904	135
0	8893	65920	136
0	8895	65984	137
0	8900	66000	138
0	8906	66048	139
0	8912	66056	138
0	8920	66112	139
0	8921	66128	138
0	8926	66153	137
0	8934	66176	138
0	8935	66211	137
0	8940	66215	136
0	8950	66240	137
0	8955	66270	136
0	8963	66304	137
0	8965	66368	138
0	8971	66432	139
0	8972	66461	138
0	8977	66474	137
0	8985	66496	138
0	8991	66560	139
0	8992	66581	138
0	8998	66624	139
0	9001	66673	138
0	9007	66688	139
0	9009	66752	140
0	9011	66816	141
0	9016	66878	140
0	9022	66880	141
0	9026	66944	142
0	9028	67008	143
0	9029	67055	142
0	9035	67072	143
0	9037	67136	144
0	9038	67150	143
0	9046	67200	144
0	9047	67202	143
0	9054	67229	142
0	9064	67264	143
0	9065	67295	142
0	9071	67328	143
0	9075	67392	144
0	9077	67456	145
0	9081	67501	144
0	9093	67520	145
0	9095	67584	146
0	9099	67648	147
0	9100	67681	146
0	9105	67687	145
0	9111	67712	146
0	9114	67747	145
0	9121	67770	144
0	9127	67776	145
0	9128	67803	144
0	9133	67830	143
0	9139	67840	144
0	9142	67847	143
0	9152	67904	142
0	9153	67904	143
0	9158	67934	142
0	9166	67968	143
0	9167	67969	142
0	9172	68004	141
0	9176	68026	140
0	9181	68032	141
0	9183	68096	142
0	9184	68102	141
0	9191	68141	140
0	9196	68160	141
0	9197	68200	140
0	9208	68224	141
0	9209	68227	140
0	9223	68288	141
0	9227	68352	142
0	9228	68413	141
0	9234	68416	142
0	9240	68480	143
0	9242	68544	144
0	9246	68608	145
0	9248	68672	146
0	9249	68687	145
0	9255	68736	146
0	9257	68800	147
0	9258	68820	146
0	9266	68864	147
0	9268	68928	148
0	9269	68948	147
0	9277	68992	148
0	9284	69056	149
0	9288	69120	150
0	9289	69162	149
0	9295	69184	150
0	9297	69248	151
0	9305	69312	152
0	9309	69376	153
0	9310	69427	152
0	9316	69440	153
0	9318	69504	154
0	9319	69524	153
0	9325	69568	154
0	9326	69574	153
0	9333	69609	152
0	9338	69621	151
0	9344	69632	152
0	9347	69677	151
0	9353	69696	152
0	9361	69760	153
0	9365	69824	154
0	9367	69888	155
0	9368	69922	154
0	9373	69938	153
0	9379	69952	154
0	9382	69970	153
0	9390	70016	154
0	9391	70035	153
0	9396	70078	152
0	9402	70080	153
0	9405	70099	152
0	9410	70104	151
0	9416	70144	152
0	9422	70208	153
0	9423	70244	152
0	9429	70272	153
0	9430	70291	152
0	9438	70336	153
0	9444	70400	154
0	9445	70442	153
0	9451	70464	154
0	9452	70496	153
0	9461	70528	154
0	9467	70592	155
0	9469	70656	156
0	9475	70720	157
0	9478	70728	156
0	9483	70743	155
0	9489	70784	156
0	9490	70840	155
0	9498	70848	156
0	9499	70869	155
0	9505	70912	156
0	9509	70976	157
0	9510	70984	156
0	9519	71029	155
0	9525	71040	156
0	9527	71104	157
0	9531	71168	158
0	9534	71206	157
0	9539	71214	156
0	9545	71232	157
0	9551	71296	158
0	9552	71321	157
0	9557	71325	156
0	9563	71360	157
0	9567	71424	158
0	9568	71472	157
0	9573	71474	156
0	9578	71476	155
0	9586	71488	156
0	9587	71526	155
0	9594	71550	154
0	9599	71552	155
0	9600	71556	154
0	9610	71596	153
0	9615	71616	154
0	9616	71655	153
0	9621	71680	154
0	9623	71744	155
0	9631	71808	156
0	9632	71814	155
0	9636	71834	154
0	9640	71854	153
0	9648	71872	154
0	9649	71933	153
0	9654	71936	154
0	9655	71950	153
0	9670	72000	154
0	9672	72000	155
0	9683	72064	156
0	9691	72128	157
0	9695	72192	158
0	9699	72256	157
0	9703	72256	158
0	9705	72298	157
0	9710	72320	158
0	9720	72384	159
0	9721	72389	158
0	9728	72406	157
0	9734	72448	158
0	9739	72470	157
0	9744	72479	156
0	9750	72512	157
0	9754	72576	158
0	9757	72635	157
0	9763	72640	158
0	9766	72658	157
0	9772	72704	158
0	9776	72768	159
0	9777	72803	158
0	9782	72819	157
0	9790	72832	158
0	9791	72877	157
0	9796	72882	156
0	9804	72896	157
0	9808	72960	158
0	9811	73007	157
0	9817	73024	158
0	9823	73088	159
0	9824	73123	158
0	9834	73152	159
0	9835	73188	158
0	9841	73216	159
0	9843	73280	160
0	9847	73344	161
0	9849	73408	162
0	9850	73432	161
0	9855	73438	160
0	9862	73460	159
0	9868	73472	160
0	9872	73500	159
0	9884	73536	160
0	9886	73600	161
0	9887	73618	160
0	9892	73629	159
0	9897	73637	158
0	9903	73664	159
0	9904	73682	158
0	9912	73728	159
0	9913	73738	158
0	9923	73792	159
0	9924	73802	158
0	9932	73856	159
0	9933	73890	158
0	9943	73920	159
0	9946	73954	158
0	9951	73982	157
0	9957	73984	158
0	9965	74048	159
0	9966	74082	158
0	9974	74112	159
0	9976	74176	160
0	9979	74213	159
0	9986	74239	158
0	9992	74240	159
0	9996	74304	160
0	9997	74316	159
0	10002	74337	158
0	10010	74368	159
0	10011	74372	158
0	10021	74432	159
0	10022	74455	158
0	10028	74496	159
0	10029	74540	158
0	10035	74560	159
0	10037	74624	160
0	10038	74640	159
0	10046	74688	160
0	10052	74752	161
0	10053	74792	160
0	10058	74805	159
0	10067	74816	160
0	10069	74850	159
0	10075	74880	160
0	10078	74911	159
0	10083	74931	158
0	10088	74933	157
0	10094	74944	158
0	10095	74955	157
0	10102	75001	156
0	10112	75008	157
0	10115	75072	158
0	10117	75136	159
0	10122	75200	160
0	10128	75237	159
0	10133	75249	158
0	10138	75264	159
0	10147	75328	160
0	10148	75346	159
0	10156	75392	160
0	10160	75456	161
0	10162	75520	162
0	10164	75584	163
0	10166	75648	164
0	10167	75680	163
0	10174	75698	162
0	10180	75712	163
0	10181	75737	162
0	10186	75761	161
0	10192	75776	162
0	10195	75805	161
0	10203	75840	162
0	10204	75844	161
0	10209	75871	160
0	10214	75904	161
0	10221	75968	162
0	10225	76032	163
0	10229	76096	164
0	10230	76115	163
0	10236	76160	164
0	10237	76186	163
0	10247	76224	164
0	10251	76288	165
0	10252	76326	164
0	10258	76352	165
0	10262	76416	166
0	10263	76448	165
0	10271	76480	166
0	10280	76544	167
0	10281	76551	166
0	10286	76557	165
0	10294	76608	166
0	10295	76625	165
0	10300	76643	164
0	10310	76672	165
0	10312	76736	166
0	10313	76738	165
0	10318	76752	164
0	10325	76791	163
0	10331	76800	164
0	10332	76827	163
0	10336	76853	162
0	10341	76864	163
0	10342	76888	162
0	10343	76888	161
0	10351	76928	160
0	10352	76928	161
0	10360	76992	162
0	10361	77013	161
0	10366	77056	162
0	10368	77120	163
0	10382	77184	164
0	10384	77248	165
0	10385	77266	164
0	10396	77312	165
0	10398	77376	166
0	10400	77440	167
0	10403	77482	166
0	10411	77504	167
0	10413	77568	168
0	10415	77632	169
0	10419	77696	170
0	10421	77760	171
0	10424	77820	170
0	10430	77824	171
0	10432	77888	172
0	10433	77918	171
0	10441	77952	172
0	10446	78000	173
0	10450	78016	174
0	10457	78080	175
0	10459	78144	176
0	10465	78208	177
0	10469	78272	178
0	10473	78336	179
0	10474	78345	178
0	10480	78400	179
0	10481	78451	178
0	10489	78464	179
0	10493	78528	180
0	10494	78549	179
0	10499	78562	178
0	10504	78563	177
0	10508	78579	176
0	10516	78592	177
0	10523	78656	178
0	10525	78720	179
0	10526	78748	178
0	10533	78782	177
0	10539	78784	178
0	10543	78848	179
0	10548	78908	178
0	10554	78912	179
0	10555	78922	178
0	10561	78976	179
0	10562	79006	178
0	10572	79040	179
0	10573	79051	178
0	10580	79057	177
0	10585	79081	176
0	10591	79104	177
0	10597	79168	178
0	10598	79205	177
0	10606	79232	178
0	10608	79296	179
0	10611	79345	178
0	10617	79360	179
0	10618	79392	178
0	10624	79424	179
0	10626	79488	180
0	10631	79552	181
0	10632	79557	180
0	10637	79594	179
0	10645	79616	180
0	10646	79618	179
0	10658	79680	180
0	10661	79736	179
0	10667	79744	180
0	10668	79749	179
0	10677	79795	178
0	10683	79808	179
0	10684	79813	178
0	10691	79872	179
0	10692	79901	178
0	10697	79936	179
0	10702	80000	180
0	10706	80023	179
0	10711	80064	180
0	10712	80080	179
0	10717	80128	180
0	10719	80192	181
0	10720	80210	180
0	10728	80256	181
0	10736	80320	182
0	10738	80342	181
0	10747	80384	182
0	10748	80390	181
0	10755	80440	180
0	10761	80448	181
0	10765	80512	182
0	10768	80543	181
0	10774	80576	182
0	10775	80618	181
0	10781	80640	182
0	10783	80704	183
0	10784	80729	182
0	10796	80768	183
0	10800	80832	184
0	10804	80896	185
0	10806	80960	186
0	10807	80975	185
0	10812	80982	184
0	10827	81024	185
0	10828	81032	184
0	10833	81065	183
0	10838	81081	182
0	10844	81088	183
0	10845	81095	182
0	10855	81152	183
0	10857	81216	184
0	10858	81254	183
0	10863	81280	184
0	10864	81285	183
0	10872	81344	184
0	10878	81381	183
0	10888	81408	184
0	10894	81472	185
0	10896	81536	186
0	10897	81541	185
0	10902	81548	184
0	10907	81573	183
0	10913	81600	184
0	10915	81664	185
0	10919	81728	186
0	10920	81738	185
0	10926	81792	186
0	10927	81806	185
0	10932	81811	184
0	10936	81841	183
0	10941	81856	184
0	10946	81920	185
0	10953	81984	186
0	10958	82008	185
0	10963	82033	184
0	10969	82048	185
0	10973	82112	186
0	10974	82124	185
0	10980	82176	186
0	10984	82240	187
0	10985	82275	186
0	10990	82304	185
0	10994	82304	186
0	10997	82364	185
0	11002	82368	186
0	11003	82396	185
0	11007	82407	184
0	11011	82413	183
0	11016	82432	184
0	11017	82444	183
0	11024	82474	182
0	11028	82479	181
0	11036	82496	182
0	11040	82502	181
0	11051	82522	180
0	11056	82560	181
0	11060	82572	180
0	11068	82624	181
0	11079	82688	182
0	11080	82733	181
0	11090	82752	182
0	11092	82816	183
0	11097	82880	184
0	11098	82920	183
0	11103	82944	184
0	11104	82963	183
0	11108	82972	182
0	11113	83008	183
0	11114	83014	182
0	11121	83037	181
0	11126	83072	182
0	11130	83093	181
0	11134	83097	180
0	11139	83136	181
0	11141	83200	182
0	11142	83219	181
0	11143	83219	180
0	11150	83241	179
0	11161	83264	180
0	11163	83328	181
0	11174	83392	182
0	11178	83435	181
0	11183	83456	182
0	11184	83499	181
0	11191	83519	180
0	11197	83520	181
0	11198	83558	180
0	11208	83584	181
0	11212	83614	180
0	11216	83632	179
0	11221	83648	180
0	11229	83712	181
0	11237	83776	182
0	11242	83840	183
0	11246	83904	184
0	11247	83912	183
0	11255	83968	184
0	11262	84000	185
0	11266	84032	186
0	11273	84096	187
0	11280	84146	186
0	11285	84154	185
0	11290	84160	186
0	11295	84224	187
0	11296	84251	186
0	11303	84270	185
0	11311	84288	186
0	11315	84352	187
0	11319	84416	188
0	11321	84480	189
0	11322	84483	188
0	11330	84544	189
0	11332	84608	190
0	11336	84672	191
0	11338	84736	192
0	11339	84800	191
0	11343	84800	192
0	11346	84850	191
0	11351	84851	190
0	11357	84864	191
0	11358	84869	190
0	11362	84899	189
0	11366	84910	188
0	11371	84928	189
0	11372	84942	188
0	11377	84992	189
0	11381	85007	188
0	11389	85056	189
0	11393	85107	188
0	11398	85120	189
0	11402	85137	188
0	11410	85184	189
0	11414	85210	188
0	11418	85220	187
0	11422	85228	186
0	11430	85248	187
0	11438	85312	188
0	11439	85352	187
0	11447	85376	188
0	11454	85440	189
0	11455	85482	188
0	11464	85504	189
0	11465	85536	188
0	11473	85568	189
0	11475	85632	190
0	11476	85637	189
0	11480	85644	188
0	11491	85696	189
0	11493	85760	190
0	11499	85824	191
0	11503	85888	192
0	11506	85936	191
0	11512	85952	192
0	11514	86016	193
0	11516	86080	194
0	11520	86144	195
0	11524	86208	196
0	11525	86218	195
0	11534	86262	194
0	11540	86272	195
0	11543	86313	194
0	11549	86336	195
0	11550	86347	194
1	0	0	0
1	6	0	1
1	23	103	0
1	804	6000	1
1	895	6650	0
1	1694	12000	1
1	1707	12106	0
1	2510	18000	1
1	2512	18019	0
1	3302	24000	1
1	3305	24026	0
1	4068	30000	1
1	4075	30030	0
1	4800	36000	1
1	4808	36099	0
1	5616	42000	1
1	5629	42100	0
1	6482	48000	1
1	6497	48018	0
1	7222	54000	1
1	7230	54083	0
1	8178	60000	1
1	8180	60019	0
1	8901	66000	1
1	8907	66053	0
1	9671	72000	1
1	9674	72037	0
1	10447	78000	1
1	10451	78052	0
1	11263	84000	1
1	11267	84079	0
2	0	0	0
2	160	1146	1
2	161	1152	0
2	265	1739	1
2	266	1746	0
2	422	3040	1
2	423	3045	0
2	466	3360	1
2	469	3444	0
2	477	3459	1
2	481	3465	2
2	485	3497	3
2	488	3532	2
2	491	3573	1
2	494	3577	0
2	511	3682	1
2	515	3703	2
2	521	3738	3
2	522	3755	2
2	525	3756	1
2	530	3824	0
2	678	5170	1
2	681	5233	0
2	723	5452	1
2	724	5486	0
2	786	5922	1
2	787	5925	0
2	809	6013	1
2	813	6014	2
2	816	6021	1
2	822	6050	2
2	826	6052	3
2	829	6108	2
2	832	6116	1
2	838	6139	2
2	844	6163	3
2	845	6167	2
2	848	6178	1
2	856	6239	2
2	857	6251	1
2	862	6298	0
2	945	7080	1
2	946	7099	0
2	954	7113	1
2	957	7136	0
2	1096	8413	1
2	1101	8513	0
2	1125	8681	1
2	1126	8682	0
2	1168	8907	1
2	1172	8910	2
2	1176	8910	3
2	1180	8918	4
2	1181	8933	3
2	1187	8947	4
2	1188	8948	3
2	1193	8985	2
2	1196	8996	1
2	1205	9001	2
2	1209	9005	3
2	1210	9014	2
2	1218	9042	3
2	1219	9058	2
2	1227	9101	3
2	1228	9115	2
2	1231	9119	1
2	1234	9124	0
2	1242	9197	1
2	1246	9208	2
2	1249	9227	1
2	1252	9230	0
2	1338	9842	1
2	1341	9905	0
2	1399	10223	1
2	1402	10278	0
2	1417	10339	1
2	1421	10351	2
2	1425	10359	3
2	1431	10372	4
2	1435	10379	5
2	1436	10428	4
2	1439	10431	3
2	1447	10490	4
2	1456	10505	5
2	1460	10514	6
2	1464	10530	7
2	1472	10547	8
2	1476	10548	9
2	1486	10625	10
2	1487	10630	9
2	1490	10631	8
2	1496	10669	9
2	1499	10692	8
2	1502	10706	7
2	1505	10713	6
2	1510	10790	5
2	1516	10796	6
2	1517	10816	5
2	1525	10838	6
2	1526	10858	5
2	1531	10897	4
2	1537	10931	5
2	1543	10956	6
2	1544	10958	5
2	1549	11016	4
2	1554	11086	3
2	1560	11107	4
2	1566	11141	5
2	1570	11154	6
2	1573	11220	5
2	1579	11224	6
2	1580	11252	5
2	1583	11259	4
2	1588	11269	3
2	1591	11285	2
2	1597	11286	3
2	1598	11287	2
2	1603	11360	1
2	1609	11365	2
2	1613	11368	3
2	1614	11371	2
2	1624	11457	3
2	1625	11491	2
2	1630	11541	1
2	1636	11553	2
2	1637	11561	1
2	1643	11578	2
2	1646	11614	1
2	1649	11630	0
2	1757	12456	1
2	1758	12470	0
2	1892	13526	1
2	1896	13548	2
2	1897	13550	1
2	1902	13610	0
2	1910	13660	1
2	1914	13671	2
2	1917	13706	1
2	1920	13748	0
2	1956	14026	1
2	1957	14027	0
2	2097	15121	1
2	2103	15190	2
2	2107	15208	3
2	2113	15251	4
2	2116	15300	3
2	2121	15374	2
2	2124	15381	1
2	2129	15453	0
2	2137	15503	1
2	2138	15544	0
2	2153	15582	1
2	2154	15591	0
2	2282	16712	1
2	2283	16731	0
2	2291	16771	1
2	2292	16773	0
2	2345	17183	1
2	2346	17190	0
2	2352	17202	1
2	2355	17232	0
2	2361	17260	1
2	2362	17269	0
2	2370	17285	1
2	2374	17289	2
2	2375	17312	1
2	2378	17319	0
2	2386	17352	1
2	2390	17358	2
2	2396	17412	3
2	2397	17413	2
2	2400	17418	1
2	2403	17429	0
2	2409	17439	1
2	2413	17471	2
2	2419	17485	3
2	2420	17507	2
2	2428	17543	3
2	2429	17581	2
2	2437	17606	3
2	2438	17644	2
2	2441	17655	1
2	2447	17660	2
2	2450	17675	1
2	2456	17701	2
2	2462	17738	3
2	2463	17756	2
2	2470	17865	1
2	2473	17882	0
2	2495	17933	1
2	2496	17964	0
2	2502	17980	1
2	2515	18019	2
2	2520	18143	1
2	2526	18150	2
2	2527	18152	1
2	2533	18164	2
2	2536	18225	1
2	2544	18256	2
2	2548	18262	3
2	2552	18267	4
2	2553	18288	3
2	2558	18312	2
2	2561	18340	1
2	2570	18390	0
2	2576	18399	1
2	2581	18477	0
2	2675	19612	1
2	2676	19628	0
2	2724	19901	1
2	2730	19924	2
2	2731	19934	1
2	2737	19934	2
2	2738	19942	1
2	2741	19945	0
2	2749	19969	1
2	2750	19970	0
2	2756	19980	1
2	2760	19989	2
2	2761	20000	1
2	2767	20010	2
2	2770	20037	1
2	2773	20054	0
2	3025	22027	1
2	3029	22059	2
2	3032	22130	1
2	3035	22140	0
2	3043	22154	1
2	3044	22158	0
2	3050	22159	1
2	3051	22171	0
2	3057	22173	1
2	3058	22188	0
2	3064	22190	1
2	3065	22193	0
2	3073	22209	1
2	3077	22212	2
2	3078	22228	1
2	3081	22270	0
2	3152	22688	1
2	3158	22736	2
2	3161	22836	1
2	3169	22853	2
2	3172	22941	1
2	3175	22968	0
2	3435	25047	1
2	3439	25058	2
2	3440	25082	1
2	3445	25097	0
2	3451	25142	1
2	3454	25167	0
2	3460	25175	1
2	3461	25192	0
2	3467	25194	1
2	3469	25207	0
2	3474	25207	1
2	3477	25217	0
2	3563	25920	1
2	3564	25927	0
2	3644	26531	1
2	3645	26533	0
2	3749	27083	1
2	3753	27103	2
2	3759	27157	3
2	3763	27185	4
2	3767	27192	5
2	3771	27195	6
2	3772	27196	5
2	3775	27198	4
2	3783	27245	5
2	3792	27314	4
2	3797	27350	3
2	3803	27356	4
2	3807	27384	5
2	3808	27391	4
2	3813	27418	3
2	3816	27419	2
2	3819	27446	1
2	3822	27448	0
2	4044	29772	1
2	4047	29886	0
2	4055	29937	1
2	4059	29951	2
2	4072	30000	3
2	4078	30030	4
2	4079	30054	3
2	4082	30058	2
2	4087	30139	1
2	4090	30141	0
2	4098	30164	1
2	4099	30174	0
2	4105	30200	1
2	4111	30237	2
2	4112	30272	1
2	4124	30307	2
2	4125	30308	1
2	4128	30323	0
2	4194	30823	1
2	4195	30827	0
2	4346	32028	1
2	4347	32045	0
2	4484	33234	1
2	4485	33251	0
2	4680	34949	1
2	4681	34951	0
2	5007	37548	1
2	5017	37570	2
2	5018	37585	1
2	5021	37592	0
2	5034	37609	1
2	5035	37616	0
2	5155	38483	1
2	5161	38537	2
2	5165	38539	3
2	5166	38557	2
2	5174	38604	3
2	5175	38629	2
2	5180	38688	1
2	5186	38712	2
2	5189	38731	1
2	5195	38731	2
2	5198	38797	1
2	5204	38806	2
2	5205	38833	1
2	5213	38865	2
2	5217	38898	3
2	5221	38907	4
2	5227	38915	5
2	5228	38955	4
2	5233	38998	3
2	5242	39007	4
2	5246	39013	5
2	5250	39025	6
2	5251	39027	5
2	5267	39104	6
2	5268	39109	5
2	5274	39164	6
2	5277	39182	5
2	5283	39183	6
2	5284	39191	5
2	5287	39208	4
2	5295	39258	5
2	5296	39262	4
2	5301	39297	3
2	5304	39316	2
2	5307	39358	1
2	5312	39361	0
2	5318	39366	1
2	5319	39405	0
2	5403	40106	1
2	5407	40112	2
2	5410	40149	1
2	5416	40189	2
2	5419	40198	1
2	5422	40237	0
2	5430	40260	1
2	5431	40303	0
2	5578	41854	1
2	5581	41879	0
2	5587	41887	1
2	5588	41890	0
2	5628	42089	1
2	5632	42100	2
2	5633	42107	1
2	5642	42122	0
2	5648	42138	1
2	5654	42202	2
2	5655	42222	1
2	5658	42224	0
2	5791	43309	1
2	5797	43345	2
2	5803	43411	3
2	5804	43444	2
2	5820	43570	1
2	5823	43579	0
2	5831	43586	1
2	5832	43624	0
2	5840	43652	1
2	5841	43654	0
2	5971	44486	1
2	5975	44513	2
2	5978	44545	1
2	5983	44619	0
2	6018	44891	1
2	6019	44900	0
2	6176	45848	1
2	6180	45864	2
2	6188	45962	3
2	6189	45970	2
2	6192	45991	1
2	6200	46025	2
2	6204	46066	3
2	6205	46072	2
2	6211	46075	3
2	6214	46106	2
2	6220	46139	3
2	6226	46155	4
2	6230	46172	5
2	6233	46218	4
2	6236	46224	3
2	6246	46353	4
2	6247	46361	3
2	6250	46363	2
2	6253	46396	1
2	6258	46422	0
2	6285	46535	1
2	6291	46618	2
2	6297	46691	3
2	6303	46720	4
2	6309	46785	5
2	6316	46834	4
2	6322	46847	5
2	6328	46852	6
2	6329	46878	5
2	6334	46928	4
2	6340	46930	5
2	6341	46932	4
2	6347	46951	5
2	6350	47030	4
2	6353	47040	3
2	6358	47057	2
2	6361	47090	1
2	6369	47120	2
2	6372	47178	1
2	6380	47236	2
2	6381	47239	1
2	6384	47258	0
2	6766	50091	1
2	6767	50103	0
2	6775	50141	1
2	6781	50180	2
2	6784	50252	1
2	6789	50315	0
2	6795	50351	1
2	6798	50369	0
2	6804	50392	1
2	6807	50468	0
2	6815	50503	1
2	6816	50540	0
2	6824	50566	1
2	6827	50626	0
2	6833	50626	1
2	6837	50653	2
2	6841	50657	3
2	6842	50669	2
2	6845	50671	1
2	6853	50699	2
2	6854	50750	1
2	6859	50767	0
2	6881	50826	1
2	6884	50902	0
2	6926	51167	1
2	6931	51224	0
2	6968	51574	1
2	6971	51603	0
2	6988	51736	1
2	6992	51748	2
2	6993	51765	1
2	6996	51774	0
2	7004	51783	1
2	7005	51789	0
2	7261	54397	1
2	7264	54442	0
2	7327	54921	1
2	7328	54943	0
2	7334	54946	1
2	7335	54957	0
2	7341	54959	1
2	7345	54970	2
2	7348	54977	1
2	7352	55036	0
2	7357	55036	1
2	7360	55053	0
2	7366	55086	1
2	7367	55099	0
2	7375	55136	1
2	7376	55137	0
2	7384	55187	1
2	7388	55209	2
2	7392	55231	3
2	7395	55254	2
2	7401	55259	3
2	7405	55290	4
2	7408	55297	3
2	7411	55301	2
2	7414	55316	1
2	7417	55343	0
2	7423	55347	1
2	7426	55378	0
2	7432	55388	1
2	7433	55398	0
2	7558	56197	1
2	7559	56201	0
2	7655	56859	1
2	7656	56880	0
2	7702	57239	1
2	7703	57253	0
2	7709	57261	1
2	7717	57282	2
2	7718	57320	1
2	7721	57343	0
2	7729	57399	1
2	7732	57412	0
2	7760	57696	1
2	7761	57704	0
2	7787	57912	1
2	7790	57946	0
2	7796	57947	1
2	7797	57956	0
2	7814	58059	1
2	7818	58072	2
2	7822	58080	3
2	7823	58093	2
2	7831	58118	3
2	7837	58230	4
2	7843	58245	5
2	7847	58248	6
2	7851	58258	7
2	7852	58267	6
2	7860	58304	7
2	7864	58315	8
2	7865	58366	7
2	7870	58374	6
2	7876	58414	7
2	7880	58418	8
2	7881	58420	7
2	7884	58432	6
2	7892	58441	7
2	7893	58447	6
2	7896	58468	5
2	7906	58562	4
2	7912	58568	5
2	7913	58573	4
2	7919	58579	5
2	7923	58606	6
2	7927	58607	7
2	7930	58635	6
2	7933	58649	5
2	7936	58684	4
2	7944	58724	5
2	7945	58732	4
2	7950	58754	3
2	7953	58757	2
2	7962	58815	1
2	7967	58821	0
2	8041	59201	1
2	8042	59237	0
2	8111	59655	1
2	8115	59676	2
2	8116	59694	1
2	8122	59706	2
2	8123	59709	1
2	8128	59722	0
2	8143	59795	1
2	8147	59804	2
2	8148	59834	1
2	8153	59854	0
2	8386	61529	1
2	8387	61532	0
2	8553	63223	1
2	8556	63248	0
2	8692	64280	1
2	8693	64284	0
2	8701	64336	1
2	8705	64367	2
2	8706	64384	1
2	8711	64397	0
2	8786	64967	1
2	8787	65002	0
2	8943	66215	1
2	8944	66233	0
2	9175	68004	1
2	9179	68026	2
2	9187	68102	3
2	9188	68113	2
2	9194	68141	3
2	9200	68200	4
2	9201	68201	3
2	9204	68221	2
2	9212	68227	3
2	9213	68228	2
2	9216	68249	1
2	9219	68262	0
2	9581	71476	1
2	9582	71478	0
2	9590	71526	1
2	9591	71549	0
2	9597	71550	1
2	9603	71556	2
2	9604	71560	1
2	9607	71582	0
2	9613	71596	1
2	9619	71655	2
2	9624	71762	1
2	9627	71773	0
2	9635	71814	1
2	9639	71834	2
2	9643	71854	3
2	9644	71867	2
2	9652	71933	3
2	9658	71950	4
2	9659	71960	3
2	9662	71978	2
2	9677	72037	3
2	9684	72097	2
2	9687	72117	1
2	9696	72249	0
2	9704	72256	1
2	9708	72298	2
2	9711	72349	1
2	9714	72363	0
2	9799	72882	1
2	9800	72883	0
2	10098	74955	1
2	10105	75001	2
2	10118	75165	1
2	10123	75220	0
2	10136	75249	1
2	10139	75283	0
2	10212	75871	1
2	10215	75920	0
2	10335	76827	1
2	10339	76853	2
2	10348	76888	3
2	10349	76888	4
2	10355	76928	5
2	10356	76963	4
2	10364	77013	5
2	10369	77164	4
2	10372	77165	3
2	10375	77170	2
2	10378	77172	1
2	10388	77266	2
2	10389	77289	1
2	10392	77304	0
2	10507	78563	1
2	10511	78579	2
2	10512	78591	1
2	10517	78611	0
2	10640	79594	1
2	10641	79610	0
2	10649	79618	1
2	10650	79630	0
2	10671	79749	1
2	10672	79760	0
2	10687	79813	1
2	10695	79901	2
2	10698	79993	1
2	10703	80008	0
2	10709	80023	1
2	10715	80080	2
2	10723	80210	3
2	10724	80252	2
2	10729	80288	1
2	10732	80312	0
2	10787	80729	1
2	10788	80730	0
2	10848	81095	1
2	10851	81110	0
2	10861	81254	1
2	10867	81285	2
2	10868	81342	1
2	10873	81368	0
2	10935	81811	1
2	10939	81841	2
2	10942	81885	1
2	10947	81921	0
2	11000	82364	1
2	11006	82396	2
2	11010	82407	3
2	11014	82413	4
2	11020	82444	5
2	11021	82469	4
2	11027	82474	5
2	11031	82479	6
2	11032	82488	5
2	11043	82502	6
2	11044	82513	5
2	11054	82522	6
2	11057	82568	5
2	11063	82572	6
2	11064	82596	5
2	11069	82631	4
2	11072	82644	3
2	11075	82681	2
2	11083	82733	3
2	11084	82738	2
2	11093	82823	1
2	11101	82920	2
2	11107	82963	3
2	11111	82972	4
2	11117	83014	5
2	11118	83019	4
2	11124	83037	5
2	11127	83089	4
2	11133	83093	5
2	11137	83097	6
2	11148	83219	7
2	11149	83219	8
2	11153	83241	9
2	11154	83244	8
2	11157	83259	7
2	11164	83329	6
2	11167	83341	5
2	11170	83384	4
2	11175	83415	3
2	11181	83435	4
2	11187	83499	5
2	11188	83501	4
2	11201	83558	5
2	11204	83582	4
2	11209	83599	3
2	11215	83614	4
2	11219	83632	5
2	11222	83684	4
2	11225	83698	3
2	11230	83753	2
2	11233	83757	1
2	11238	83802	0
2	11288	84154	1
2	11291	84217	0
2	11299	84251	1
2	11300	84258	0
2	11306	84270	1
2	11307	84282	0
2	11361	84869	1
2	11365	84899	2
2	11369	84910	3
2	11375	84942	4
2	11378	85004	3
2	11384	85007	4
2	11385	85049	3
2	11390	85066	2
2	11396	85107	3
2	11399	85132	2
2	11405	85137	3
2	11406	85161	2
2	11411	85209	1
2	11417	85210	2
2	11421	85220	3
2	11425	85228	4
2	11426	85239	3
2	11431	85254	2
2	11434	85271	1
2	11442	85352	2
2	11443	85364	1
2	11448	85393	0
2	11468	85536	1
2	11469	85549	0
2	11479	85637	1
2	11483	85644	2
2	11484	85656	1
2	11487	85678	0
3	0	0	0
4	29	109	109
4	34	143	143
4	46	278	278
4	63	333	205
4	72	422	102
4	77	482	290
4	79	491	491
4	84	522	266
4	102	716	268
4	104	719	335
4	122	937	425
4	141	1015	311
4	145	1039	399
4	163	1152	320
4	168	1166	398
4	170	1167	79
4	172	1178	1114
4	183	1340	316
4	189	1424	848
4	208	1489	209
4	213	1508	612
4	221	1524	308
4	228	1574	74
4	237	1632	672
4	255	1681	273
4	267	1746	146
4	270	1756	284
4	275	1819	283
4	277	1828	164
4	286	1898	554
4	298	2044	252
4	307	2108	380
4	316	2173	317
4	332	2288	176
4	334	2289	369
4	345	2403	355
4	368	2569	329
4	370	2585	601
4	388	2771	467
4	395	2801	305
4	399	2843	475
4	424	3045	1893
4	433	3122	122
4	438	3156	532
4	444	3183	495
4	455	3295	543
4	470	3444	628
4	489	3532	652
4	492	3573	1397
4	495	3577	1145
4	498	3578	570
4	523	3755	427
4	526	3756	684
4	531	3824	688
4	536	3866	1306
4	540	3950	558
4	562	4248	1048
4	564	4265	1001
4	568	4299	1355
4	582	4391	935
4	591	4472	760
4	603	4517	677
4	610	4529	625
4	614	4592	944
4	629	4709	209
4	642	4919	1143
4	646	4942	1422
4	667	5108	948
4	682	5233	945
4	687	5252	1028
4	694	5266	1682
4	703	5340	1308
4	705	5365	1397
4	725	5486	814
4	730	5518	1422
4	732	5544	1128
4	739	5567	959
4	757	5703	1351
4	764	5746	1202
4	768	5799	871
4	788	5925	1125
4	793	5968	1488
4	817	6021	1285
4	830	6108	924
4	833	6116	996
4	846	6167	1111
4	849	6178	1186
4	858	6251	1387
4	863	6298	794
4	866	6303	863
4	875	6360	1112
4	877	6395	1083
4	883	6471	1095
4	885	6497	737
4	903	6684	684
4	907	6736	1104
4	947	7099	1275
4	956	7135	1135
4	958	7136	1184
4	961	7154	1586
4	963	7156	1460
4	967	7194	1306
4	971	7263	1247
4	984	7425	1425
4	996	7538	1394
4	1022	7671	1463
4	1026	7687	1415
4	1028	7730	1394
4	1047	7973	1445
4	1063	8081	1617
4	1065	8089	2009
4	1069	8179	679
4	1102	8513	2113
4	1105	8534	1814
4	1116	8651	1675
4	1127	8682	1898
4	1130	8688	1776
4	1134	8733	2141
4	1136	8740	1700
4	1138	8760	2104
4	1182	8933	2085
4	1189	8948	1652
4	1194	8985	1433
4	1197	8996	1828
4	1211	9014	1590
4	1220	9058	1314
4	1229	9115	1499
4	1232	9119	1631
4	1235	9124	1892
4	1250	9227	1867
4	1253	9230	1422
4	1259	9268	1396
4	1263	9277	1277
4	1267	9285	1221
4	1270	9315	2211
4	1278	9363	1107
4	1284	9406	406
4	1295	9498	1562
4	1304	9571	1251
4	1327	9785	1401
4	1342	9905	1457
4	1347	9966	1390
4	1350	9984	1856
4	1353	9997	1805
4	1355	10034	2354
4	1378	10184	1544
4	1385	10194	1682
4	1403	10278	1446
4	1408	10307	1283
4	1437	10428	1724
4	1440	10431	1151
4	1480	10574	74
4	1488	10630	1478
4	1491	10631	1863
4	1500	10692	1348
4	1503	10706	1810
4	1506	10713	1625
4	1511	10790	1318
4	1519	10816	1280
4	1527	10858	1258
4	1532	10897	1169
4	1545	10958	1998
4	1550	11016	1096
4	1555	11086	1230
4	1574	11220	1172
4	1581	11252	1268
4	1584	11259	2043
4	1589	11269	1605
4	1592	11285	1173
4	1599	11287	1495
4	1604	11360	1184
4	1615	11371	875
4	1626	11491	1187
4	1631	11541	1173
4	1638	11561	2153
4	1647	11614	862
4	1650	11630	1198
4	1655	11679	1439
4	1657	11711	1087
4	1666	11767	1079
4	1672	11862	1302
4	1688	11980	972
4	1697	12021	1205
4	1713	12108	108
4	1723	12233	233
4	1725	12282	1146
4	1748	12423	1479
4	1759	12470	1142
4	1762	12476	1212
4	1764	12478	1598
4	1773	12497	1297
4	1789	12638	1566
4	1798	12729	1081
4	1802	12737	1153
4	1809	12763	1307
4	1813	12861	1341
4	1824	12962	1250
4	1841	13263	1871
4	1843	13303	1463
4	1874	13418	1418
4	1878	13462	1302
4	1898	13550	1454
4	1903	13610	1834
4	1918	13706	1802
4	1921	13748	1716
4	1926	13782	1494
4	1936	13916	1948
4	1938	13928	428
4	1958	14027	1483
4	1961	14045	1373
4	1963	14053	1701
4	1965	14079	1855
4	1969	14082	1666
4	1984	14142	1342
4	1990	14201	1465
4	2001	14295	1303
4	2007	14457	1977
4	2023	14535	1927
4	2032	14595	1539
4	2048	14738	1490
4	2052	14829	1901
4	2058	14956	2092
4	2074	15027	27
4	2117	15300	1860
4	2122	15374	2254
4	2125	15381	2005
4	2130	15453	1949
4	2139	15544	1784
4	2144	15564	1996
4	2155	15591	2407
4	2158	15610	1658
4	2162	15626	1802
4	2166	15694	2382
4	2173	15708	2012
4	2175	15728	2096
4	2184	15745	1665
4	2195	15876	1860
4	2206	16031	1759
4	2217	16152	1944
4	2233	16291	1827
4	2258	16581	2437
4	2271	16676	176
4	2284	16731	2075
4	2293	16773	2885
4	2296	16796	2396
4	2300	16882	2098
4	2314	16954	2234
4	2323	16981	2453
4	2325	16990	2398
4	2347	17190	2214
4	2356	17232	2128
4	2363	17269	2421
4	2376	17312	2976
4	2379	17319	1959
4	2398	17413	1989
4	2401	17418	2122
4	2404	17429	2261
4	2421	17507	2275
4	2430	17581	1837
4	2439	17644	2092
4	2442	17655	2615
4	2451	17675	1867
4	2464	17756	2268
4	2471	17865	1993
4	2474	17882	1754
4	2477	17886	2974
4	2479	17914	2234
4	2497	17964	1772
4	2521	18143	2527
4	2528	18152	2152
4	2537	18225	1841
4	2554	18288	2032
4	2559	18312	312
4	2562	18340	1892
4	2571	18390	2454
4	2578	18420	420
4	2582	18477	1965
4	2585	18483	1907
4	2587	18485	1717
4	2591	18525	2461
4	2608	18851	2019
4	2612	18922	2602
4	2629	19221	2325
4	2654	19527	2887
4	2677	19628	2412
4	2682	19667	2515
4	2688	19695	2607
4	2693	19700	200
4	2704	19755	2347
4	2713	19807	2463
4	2733	19934	2974
4	2739	19942	2662
4	2742	19945	2473
4	2751	19970	2306
4	2762	20000	2976
4	2771	20037	2501
4	2774	20054	3350
4	2777	20055	2071
4	2789	20084	2228
4	2791	20093	2093
4	2800	20148	2036
4	2804	20170	2378
4	2806	20210	2482
4	2817	20333	2093
4	2826	20379	2331
4	2842	20491	2891
4	2846	20574	2142
4	2855	20644	2724
4	2864	20717	2349
4	2875	20802	2178
4	2888	20995	2691
4	2906	21164	164
4	2910	21202	2706
4	2931	21342	3166
4	2940	21384	2824
4	2948	21572	2692
4	2960	21611	2475
4	2962	21612	2860
4	2971	21688	2616
4	2982	21766	2758
4	2989	21807	2991
4	2991	21808	2608
4	3014	21997	2541
4	3033	22130	2610
4	3036	22140	3452
4	3045	22158	2766
4	3052	22171	2587
4	3059	22188	2860
4	3066	22193	2545
4	3079	22228	2324
4	3082	22270	2494
4	3089	22344	2312
4	3098	22435	3491
4	3100	22458	2746
4	3104	22474	2634
4	3125	22565	2405
4	3132	22576	76
4	3136	22609	3345
4	3162	22836	2868
4	3173	22941	2525
4	3176	22968	2680
4	3179	22974	2750
4	3183	23008	2528
4	3185	23022	2478
4	3208	23176	2504
4	3215	23198	2846
4	3219	23255	2391
4	3233	23355	2427
4	3237	23379	3283
4	3244	23408	2416
4	3253	23428	2372
4	3257	23490	2754
4	3270	23714	3106
4	3276	23858	3058
4	3313	24077	77
4	3319	24110	2734
4	3328	24141	2893
4	3330	24147	147
4	3339	24250	3130
4	3350	24376	2936
4	3354	24393	3209
4	3358	24462	2894
4	3365	24496	2800
4	3374	24520	2888
4	3407	24808	2792
4	3411	24827	3323
4	3415	24853	2965
4	3441	25082	3770
4	3446	25097	3337
4	3455	25167	3215
4	3462	25192	3368
4	3472	25207	2807
4	3478	25217	3009
4	3481	25233	3089
4	3485	25282	3202
4	3494	25373	2909
4	3496	25396	2804
4	3500	25432	2904
4	3518	25576	76
4	3522	25610	3274
4	3545	25818	3546
4	3565	25927	3079
4	3568	25947	2907
4	3577	25991	3335
4	3584	26042	3322
4	3593	26103	2935
4	3604	26202	3226
4	3608	26242	3010
4	3615	26297	3513
4	3621	26428	3068
4	3646	26533	3237
4	3649	26552	3064
4	3653	26578	3474
4	3665	26607	2799
4	3672	26620	3068
4	3681	26636	3212
4	3690	26723	2723
4	3692	26733	3053
4	3701	26805	2933
4	3710	26847	2911
4	3714	26925	3309
4	3723	26953	4041
4	3773	27196	3004
4	3776	27198	3198
4	3791	27307	307
4	3793	27314	3186
4	3798	27350	3606
4	3809	27391	3327
4	3814	27418	3098
4	3817	27419	3163
4	3820	27446	3062
4	3823	27448	3000
4	3828	27461	2565
4	3835	27502	2862
4	3837	27512	2744
4	3848	27604	3092
4	3862	27652	2820
4	3864	27680	2720
4	3866	27688	2664
4	3874	27878	3302
4	3899	28156	2876
4	3903	28213	3125
4	3939	28545	45
4	3941	28552	3336
4	3943	28574	3102
4	3945	28605	3453
4	3951	28699	3291
4	3980	29100	3500
4	3986	29223	3879
4	4002	29355	3499
4	4011	29411	4707
4	4020	29490	3698
4	4048	29886	4158
4	4080	30054	4006
4	4083	30058	4394
4	4088	30139	3963
4	4091	30141	3837
4	4100	30174	4638
4	4114	30272	4032
4	4126	30308	3812
4	4130	30323	4403
4	4132	30323	323
4	4136	30346	346
4	4140	30402	3778
4	4142	30424	3992
4	4149	30461	4477
4	4153	30498	3810
4	4164	30607	3855
4	4196	30827	4459
4	4199	30838	3894
4	4210	30920	4360
4	4219	30979	3971
4	4221	30982	4102
4	4230	31045	4933
4	4246	31202	4386
4	4257	31305	3977
4	4264	31348	4212
4	4273	31397	4197
4	4275	31419	4027
4	4284	31506	4242
4	4288	31597	4077
4	4299	31705	4057
4	4326	31896	4312
4	4328	31908	408
4	4348	32045	4077
4	4353	32064	4608
4	4360	32127	4223
4	4364	32141	4109
4	4382	32331	4619
4	4384	32353	4257
4	4393	32423	5351
4	4395	32434	4658
4	4404	32472	4248
4	4410	32595	4435
4	4421	32723	4371
4	4437	32869	4325
4	4446	32897	4417
4	4478	33182	182
4	4486	33251	4515
4	4490	33277	4477
4	4491	33277	4413
4	4500	33281	5441
4	4502	33284	4868
4	4504	33288	5000
4	4526	33622	4694
4	4528	33650	4658
4	4548	33901	4781
4	4566	34077	5469
4	4568	34083	5027
4	4577	34155	4779
4	4595	34381	5133
4	4606	34486	4982
4	4617	34551	51
4	4621	34587	5275
4	4630	34626	5442
4	4641	34766	5198
4	4662	34907	5467
4	4664	34916	5284
4	4682	34951	5191
4	4692	35067	6395
4	4702	35136	5136
4	4705	35147	5451
4	4707	35166	5342
4	4722	35401	5513
4	4724	35406	5454
4	4726	35435	5227
4	4735	35502	5486
4	4760	35737	5465
4	4764	35810	5474
4	4766	35824	5744
4	4794	35987	5523
4	4803	36002	5410
4	4814	36103	5703
4	4816	36126	126
4	4825	36210	5490
4	4829	36263	6119
4	4842	36330	330
4	4855	36502	5974
4	4857	36510	5854
4	4866	36600	5816
4	4880	36650	5610
4	4882	36662	5686
4	4895	36846	5742
4	4918	37010	5842
4	4927	37114	5690
4	4941	37149	5853
4	4943	37153	5921
4	4957	37189	6277
4	4959	37219	6371
4	4972	37404	5788
4	4974	37410	5858
4	4978	37443	5955
4	5019	37585	5649
4	5022	37592	5784
4	5025	37600	5728
4	5036	37616	6256
4	5039	37631	5631
4	5043	37658	5402
4	5045	37676	5612
4	5049	37709	5581
4	5056	37751	251
4	5071	37958	5638
4	5078	37999	6319
4	5089	38097	5713
4	5091	38113	6369
4	5104	38313	6121
4	5118	38390	5942
4	5127	38425	5785
4	5134	38441	5929
4	5167	38557	5981
4	5176	38629	5669
4	5181	38688	5920
4	5191	38731	6027
4	5199	38797	5901
4	5206	38833	5617
4	5229	38955	6123
4	5234	38998	5974
4	5252	39027	5555
4	5261	39058	58
4	5269	39109	5701
4	5278	39182	5646
4	5285	39191	6039
4	5288	39208	5928
4	5297	39262	5470
4	5302	39297	5633
4	5305	39316	5972
4	5308	39358	5630
4	5313	39361	5377
4	5320	39405	5805
4	5323	39412	5364
4	5327	39428	5572
4	5329	39476	6388
4	5333	39512	5400
4	5356	39707	5339
4	5358	39724	5804
4	5360	39741	5501
4	5371	39864	5688
4	5411	40149	5461
4	5420	40198	5574
4	5423	40237	5741
4	5432	40303	5871
4	5439	40406	5526
4	5451	40503	5495
4	5453	40509	5757
4	5465	40641	141
4	5481	40807	6247
4	5485	40849	5713
4	5493	40896	5952
4	5501	40926	5726
4	5503	40949	5685
4	5507	40965	6149
4	5522	41247	6175
4	5551	41611	6219
4	5567	41774	6190
4	5582	41879	6359
4	5589	41890	7586
4	5595	41930	6090
4	5601	41931	6603
4	5603	41933	6221
4	5634	42107	6331
4	5643	42122	6218
4	5656	42222	6574
4	5659	42224	6192
4	5662	42237	237
4	5671	42246	246
4	5673	42289	6129
4	5675	42292	6196
4	5679	42338	6338
4	5697	42535	6567
4	5705	42703	6479
4	5714	42787	7331
4	5723	42839	6551
4	5737	42905	6233
4	5751	42972	6428
4	5762	43088	6480
4	5764	43110	6246
4	5773	43187	6771
4	5805	43444	6516
4	5819	43569	69
4	5821	43570	6450
4	5824	43579	6779
4	5833	43624	7272
4	5842	43654	6342
4	5845	43661	6285
4	5847	43669	6677
4	5851	43753	7017
4	5869	43921	6673
4	5876	43946	6890
4	5883	43963	6523
4	5892	44006	7526
4	5906	44068	6564
4	5908	44071	6439
4	5924	44188	6428
4	5926	44195	6499
4	5932	44292	6468
4	5946	44363	6411
4	5953	44378	7194
4	5979	44545	6465
4	5984	44619	6475
4	5987	44621	6413
4	5998	44748	7180
4	6002	44842	6570
4	6020	44900	6884
4	6023	44903	6311
4	6025	44913	6385
4	6027	44921	7033
4	6041	45014	6614
4	6066	45158	6310
4	6068	45164	6700
4	6070	45179	6523
4	6074	45189	189
4	6076	45247	6463
4	6097	45357	6317
4	6104	45375	6399
4	6113	45383	6215
4	6115	45411	6691
4	6119	45466	7130
4	6131	45502	6590
4	6152	45609	6249
4	6158	45750	6518
4	6190	45970	6866
4	6193	45991	6439
4	6206	46072	6456
4	6215	46106	6810
4	6234	46218	6730
4	6237	46224	6800
4	6248	46361	6553
4	6251	46363	6683
4	6254	46396	6652
4	6259	46422	6486
4	6264	46488	6424
4	6274	46513	6513
4	6315	46820	320
4	6317	46834	6642
4	6330	46878	6494
4	6335	46928	6608
4	6342	46932	7060
4	6351	47030	6582
4	6355	47040	6400
4	6359	47057	6801
4	6362	47090	6322
4	6373	47178	6218
4	6382	47239	6407
4	6385	47258	7130
4	6388	47284	6772
4	6390	47287	6583
4	6399	47305	6729
4	6408	47376	6288
4	6412	47434	6410
4	6416	47542	6390
4	6425	47574	6358
4	6441	47727	6255
4	6445	47786	6378
4	6454	47847	6567
4	6470	47947	6603
4	6496	48004	6212
4	6503	48044	6188
4	6514	48135	135
4	6516	48137	6601
4	6523	48173	6253
4	6539	48263	6599
4	6541	48302	7406
4	6545	48341	6741
4	6568	48416	6304
4	6577	48479	479
4	6584	48572	6524
4	6590	48578	6578
4	6597	48622	6894
4	6610	48777	6409
4	6612	48789	6549
4	6621	48857	6297
4	6625	48933	6949
4	6634	49023	6719
4	6638	49046	6870
4	6652	49108	6676
4	6654	49145	6457
4	6665	49245	6621
4	6686	49358	6862
4	6690	49436	6556
4	6697	49506	6498
4	6717	49649	6513
4	6721	49666	166
4	6725	49771	6699
4	6734	49794	6850
4	6768	50103	6903
4	6785	50252	7436
4	6790	50315	6795
4	6799	50369	7617
4	6808	50468	6820
4	6817	50540	7148
4	6829	50626	6914
4	6843	50669	7085
4	6846	50671	7343
4	6855	50750	6910
4	6860	50767	6991
4	6863	50770	6802
4	6870	50794	6698
4	6885	50902	7638
4	6888	50941	6717
4	6892	50954	6794
4	6904	51033	7577
4	6928	51187	187
4	6932	51224	6872
4	6937	51267	6723
4	6946	51356	6876
4	6948	51385	6713
4	6972	51603	7315
4	6977	51667	7635
4	6994	51765	7029
4	6997	51774	7166
4	7006	51789	7373
4	7009	51824	6896
4	7012	51840	6976
4	7017	51921	8017
4	7026	51993	6873
4	7028	52020	6964
4	7041	52191	6943
4	7054	52373	7061
4	7066	52409	7609
4	7068	52415	6975
4	7081	52530	30
4	7102	52661	7093
4	7108	52740	7556
4	7112	52809	7817
4	7119	52847	7151
4	7137	53046	7286
4	7139	53049	7673
4	7150	53162	7274
4	7165	53380	7876
4	7181	53564	7548
4	7194	53729	7649
4	7214	53995	7851
4	7216	53998	8046
4	7227	54066	8434
4	7265	54442	442
4	7270	54449	8113
4	7276	54522	522
4	7281	54540	8332
4	7287	54577	8753
4	7305	54777	8313
4	7310	54811	8283
4	7329	54943	8543
4	7336	54957	8685
4	7349	54977	8193
4	7355	55036	8316
4	7361	55053	8077
4	7368	55099	8443
4	7377	55137	8289
4	7396	55254	8342
4	7409	55297	8193
4	7412	55301	8133
4	7415	55316	8276
4	7418	55343	8111
4	7427	55378	7954
4	7434	55398	8806
4	7437	55420	8124
4	7441	55429	7877
4	7443	55447	7767
4	7447	55494	8134
4	7465	55633	133
4	7479	55721	7977
4	7493	55773	8157
4	7502	55819	8011
4	7506	55925	8053
4	7518	56032	8032
4	7519	56032	8032
4	7533	56086	7958
4	7535	56087	8599
4	7560	56201	7881
4	7563	56241	7857
4	7565	56248	8184
4	7569	56280	8088
4	7571	56301	8045
4	7599	56475	7771
4	7601	56480	7840
4	7603	56510	7934
4	7612	56560	8112
4	7635	56737	7777
4	7637	56752	7856
4	7657	56880	7728
4	7662	56907	7819
4	7664	56955	8443
4	7678	57050	8026
4	7704	57253	9317
4	7712	57280	280
4	7719	57320	8552
4	7722	57343	8511
4	7733	57412	7940
4	7736	57419	8203
4	7749	57655	8055
4	7762	57704	8168
4	7765	57726	8062
4	7769	57755	7963
4	7791	57946	8538
4	7798	57956	8228
4	7803	57988	8708
4	7824	58093	8749
4	7853	58267	8347
4	7866	58366	8190
4	7871	58374	8518
4	7882	58420	8308
4	7886	58432	8192
4	7894	58447	8079
4	7897	58468	7844
4	7907	58562	8514
4	7914	58573	8013
4	7931	58635	8651
4	7934	58649	7833
4	7937	58684	8380
4	7946	58732	8236
4	7951	58754	7810
4	7954	58757	7877
4	7961	58776	276
4	7963	58815	8383
4	7969	58821	8069
4	7971	58821	7813
4	7973	58852	7588
4	7975	58860	7532
4	7994	58932	7796
4	7998	58978	8290
4	8000	58979	7587
4	8004	59020	7820
4	8018	59113	7593
4	8043	59237	8165
4	8046	59245	7469
4	8055	59297	7329
4	8064	59355	7451
4	8066	59388	7804
4	8077	59466	8010
4	8091	59555	7843
4	8093	59561	7529
4	8117	59694	8046
4	8124	59709	7613
4	8129	59722	7562
4	8132	59733	7509
4	8149	59834	7546
4	8154	59854	7310
4	8157	59890	7410
4	8168	59973	7557
4	8170	59974	7238
4	8172	59985	8145
4	8186	60031	31
4	8192	60098	7746
4	8206	60207	7535
4	8224	60259	7395
4	8226	60273	7345
4	8230	60301	301
4	8246	60432	7440
4	8248	60444	7836
4	8255	60472	7288
4	8269	60501	7253
4	8271	60541	7165
4	8287	60633	7321
4	8289	60661	7541
4	8312	60817	7249
4	8316	60921	7417
4	8320	60959	7519
4	8340	61185	8385
4	8342	61207	7511
4	8353	61319	7495
4	8388	61532	7900
4	8391	61545	7593
4	8393	61551	7551
4	8395	61562	7802
4	8399	61598	7454
4	8409	61699	199
4	8432	61924	8036
4	8441	61956	7748
4	8445	62044	7964
4	8451	62184	7848
4	8460	62234	9178
4	8462	62238	7838
4	8479	62567	8295
4	8503	62953	8489
4	8507	62995	8467
4	8535	63128	128
4	8537	63166	9150
4	8557	63248	8656
4	8560	63278	8494
4	8564	63316	8596
4	8566	63345	8369
4	8577	63454	8350
4	8591	63549	8381
4	8602	63662	9006
4	8604	63679	8767
4	8613	63692	8396
4	8634	63855	8623
4	8636	63868	9020
4	8638	63869	8509
4	8656	64009	8521
4	8658	64026	8474
4	8662	64067	8643
4	8694	64284	8604
4	8708	64384	8640
4	8712	64397	9357
4	8717	64453	8837
4	8729	64525	8717
4	8731	64569	8633
4	8735	64580	8708
4	8743	64652	8588
4	8745	64654	154
4	8764	64756	8500
4	8788	65002	8554
4	8793	65049	8665
4	8795	65055	8543
4	8804	65091	8899
4	8819	65347	9347
4	8826	65355	9035
4	8828	65406	9278
4	8832	65425	8721
4	8848	65586	8946
4	8862	65628	8796
4	8871	65721	8953
4	8880	65775	8879
4	8884	65803	9227
4	8904	66007	8855
4	8918	66078	78
4	8932	66171	9211
4	8945	66233	8953
4	8948	66239	8895
4	8961	66303	8895
4	8967	66409	8937
4	8969	66431	431
4	8983	66474	8874
4	8987	66542	9326
4	8989	66557	9021
4	9000	66654	8862
4	9013	66838	8982
4	9015	66877	9789
4	9024	66908	9884
4	9044	67165	9117
4	9053	67226	9306
4	9061	67242	9578
4	9062	67242	9258
4	9073	67378	9138
4	9091	67519	19
4	9097	67635	9331
4	9113	67721	9353
4	9120	67762	9586
4	9141	67844	9284
4	9148	67878	9382
4	9150	67903	9279
4	9164	67946	10218
4	9189	68113	9361
4	9202	68201	9513
4	9205	68221	9789
4	9214	68228	9348
4	9217	68249	10137
4	9220	68262	9318
4	9225	68322	9314
4	9236	68444	9628
4	9238	68463	9263
4	9244	68570	9434
4	9264	68840	9320
4	9275	68964	9892
4	9282	69013	9749
4	9286	69057	9601
4	9303	69294	294
4	9307	69337	9753
4	9332	69592	10264
4	9346	69661	9949
4	9355	69702	9926
4	9357	69721	10073
4	9359	69742	10350
4	9364	69824	9984
4	9381	69954	9954
4	9388	70013	9981
4	9404	70090	10186
4	9418	70184	10088
4	9421	70208	9920
4	9436	70297	10073
4	9440	70351	9807
4	9442	70358	10198
4	9471	70677	177
4	9473	70708	10036
4	9477	70727	10247
4	9496	70845	10045
4	9507	70914	10498
4	9516	70990	11022
4	9518	71024	10288
4	9529	71130	10522
4	9533	71190	10262
4	9547	71244	10380
4	9549	71279	10223
4	9565	71397	10213
4	9583	71478	10358
4	9592	71549	11197
4	9605	71560	10312
4	9608	71582	10142
4	9625	71762	10770
4	9628	71773	10141
4	9645	71867	10171
4	9660	71960	10200
4	9663	71978	10090
4	9685	72097	10721
4	9688	72117	10165
4	9693	72152	152
4	9697	72249	10937
4	9712	72349	10205
4	9715	72363	363
4	9718	72381	10813
4	9727	72401	10129
4	9736	72462	10446
4	9738	72463	10639
4	9752	72571	10363
4	9756	72602	10522
4	9765	72642	11138
4	9775	72768	10176
4	9788	72828	10364
4	9801	72883	10227
4	9806	72957	10429
4	9810	72998	10278
4	9819	73028	10628
4	9821	73029	10245
4	9830	73129	10217
4	9832	73132	10796
4	9845	73288	10248
4	9859	73438	10462
4	9870	73478	10246
4	9880	73503	10399
4	9882	73527	10679
4	9910	73688	10328
4	9919	73754	10202
4	9921	73774	10478
4	9930	73853	10109
4	9939	73909	10421
4	9941	73917	10301
4	9945	73931	10251
4	9963	74014	514
4	9972	74109	10301
4	9978	74191	10255
4	9985	74237	10365
4	9994	74296	10872
4	10008	74338	10146
4	10017	74389	10389
4	10019	74415	11247
4	10044	74679	10359
4	10048	74701	10573
4	10050	74747	10491
4	10062	74805	10293
4	10068	74816	10432
4	10077	74885	10245
4	10113	75008	8
4	10119	75165	10269
4	10124	75220	10452
4	10127	75228	10780
4	10140	75283	10707
4	10143	75312	10288
4	10145	75315	10227
4	10154	75359	10655
4	10158	75449	11385
4	10173	75697	10545
4	10194	75802	10586
4	10201	75809	10529
4	10216	75920	10512
4	10219	75927	10327
4	10223	75973	11141
4	10227	76048	10576
4	10243	76196	10852
4	10245	76217	11257
4	10249	76287	10751
4	10260	76394	10602
4	10269	76461	10541
4	10292	76562	62
4	10306	76645	10981
4	10308	76658	10658
4	10324	76775	10791
4	10357	76963	10915
4	10370	77164	11436
4	10373	77165	10733
4	10376	77170	10866
4	10379	77172	10804
4	10390	77289	11433
4	10393	77304	10680
4	10402	77448	11336
4	10409	77497	11001
4	10417	77645	10893
4	10423	77776	11216
4	10439	77926	11750
4	10467	78256	256
4	10471	78291	11603
4	10487	78454	11638
4	10491	78467	467
4	10513	78591	11647
4	10518	78611	11731
4	10521	78622	11614
4	10532	78771	11507
4	10541	78820	11748
4	10545	78864	11472
4	10547	78891	12651
4	10568	79014	11494
4	10570	79022	11438
4	10579	79054	11726
4	10593	79109	11973
4	10595	79167	11967
4	10604	79230	11582
4	10610	79297	11841
4	10642	79610	11514
4	10651	79630	11790
4	10660	79720	11688
4	10673	79760	11984
4	10676	79773	11613
4	10689	79838	338
4	10699	79993	12025
4	10704	80008	12296
4	10725	80252	11708
4	10730	80288	12064
4	10733	80312	12024
4	10739	80342	11990
4	10745	80353	11681
4	10754	80422	12006
4	10763	80475	11867
4	10767	80536	12632
4	10789	80730	11738
4	10792	80750	11630
4	10794	80767	12031
4	10798	80821	11765
4	10802	80879	12015
4	10818	80997	12197
4	10850	81101	101
4	10852	81110	11798
4	10869	81342	12414
4	10874	81368	11928
4	10877	81376	12192
4	10884	81382	12006
4	10886	81403	12923
4	10890	81446	11878
4	10892	81457	12209
4	10917	81675	11787
4	10943	81885	12189
4	10948	81921	12097
4	10951	81922	11906
4	10955	81997	12237
4	10957	82007	12375
4	10971	82073	12569
4	10982	82225	12145
4	11022	82469	12325
4	11033	82488	12152
4	11046	82513	12049
4	11058	82568	12616
4	11065	82596	12388
4	11070	82631	12231
4	11073	82644	11924
4	11076	82681	12409
4	11085	82738	12082
4	11088	82739	239
4	11094	82823	12295
4	11119	83019	12043
4	11128	83089	12177
4	11155	83244	12076
4	11158	83259	12411
4	11165	83329	12289
4	11168	83341	12109
4	11171	83384	11896
4	11176	83415	12823
4	11189	83501	12141
4	11203	83572	11572
4	11205	83582	12478
4	11210	83599	12815
4	11223	83684	12388
4	11226	83698	12274
4	11231	83753	11881
4	11234	83757	11821
4	11239	83802	12250
4	11244	83891	11891
4	11253	83952	12272
4	11257	83988	11796
4	11279	84141	141
4	11292	84217	12153
4	11301	84258	12514
4	11308	84282	12666
4	11313	84301	301
4	11317	84369	12241
4	11328	84534	12086
4	11334	84627	12371
4	11379	85004	12428
4	11386	85049	12281
4	11391	85066	13258
4	11400	85132	12812
4	11407	85161	12521
4	11412	85209	12505
4	11427	85239	12151
4	11432	85254	12870
4	11435	85271	12759
4	11444	85364	12468
4	11449	85393	12433
4	11452	85400	12056
4	11470	85549	12141
4	11485	85656	12632
4	11488	85678	12846
4	11501	85870	370
4	11505	85932	12716
4	11518	86139	12859
4	11522	86197	12725
4	11531	86229	12693
4	11533	86232	12632
4	11542	86283	13131

